gauge_id;MINLON;MAXLON;MINLAT;MAXLAT
01013500;-68.37661;-68.33612;46.88278;46.92311
01022500;-68.3154;-67.85154;44.57195;45.03365
01030500;-67.86003;-67.81955;45.34581;45.38614
01031500;-69.3581;-69.31763;45.10309;45.14342
01047000;-70.41467;-69.92788;44.75817;45.23691
01052500;-71.36138;-71.03292;44.81474;45.1473
01054200;-71.20032;-70.90881;44.20571;44.41574
01055000;-70.79936;-70.49633;44.61292;44.87044
01057000;-70.76364;-70.44971;44.26135;44.4336
01073000;-71.07776;-70.92185;43.10191;43.20727
01078000;-72.04309;-71.71945;43.44724;43.66767
01118300;-71.88356;-71.79976;41.42979;41.53355
01121000;-72.24701;-72.09646;41.7579;41.99371
01123000;-72.11882;-71.99415;41.62772;41.86584
01134500;-71.92745;-71.67746;44.46014;44.71556
01137500;-71.69604;-71.28345;44.14814;44.33386
01139000;-72.3762;-72.02253;44.09996;44.34379
01139800;-72.42353;-72.29682;44.04776;44.15009
01142500;-72.73516;-72.59015;43.90845;44.08652
01144000;-73.00165;-72.33146;43.64471;44.12704
01162500;-72.139;-72.09577;42.64658;42.68872
01169000;-72.90035;-72.65745;42.60083;42.86236
01170100;-72.82949;-72.62131;42.66807;42.8879
01181000;-73.18092;-72.85448;42.19084;42.43442
01187300;-73.0662;-72.90435;42.00639;42.14875
01195100;-72.59451;-72.50166;41.27427;41.39251
01333000;-73.34536;-73.13768;42.55727;42.73598
01350000;-74.5109;-74.04456;42.09462;42.39997
01350080;-74.45687;-74.23991;42.33576;42.47089
01350140;-74.62488;-74.43463;42.39504;42.4996
01365000;-74.52417;-74.32018;41.8338;41.99698
01411300;-74.93422;-74.79663;39.24776;39.47029
01413500;-74.7061;-74.39735;42.00412;42.38679
01414500;-74.76942;-74.55043;42.02499;42.13493
01415000;-74.87303;-74.71246;42.09494;42.26117
01423000;-75.22536;-74.53852;42.10757;42.48259
01434025;-74.52449;-74.44404;41.97253;42.05493
01435000;-74.65131;-74.33796;41.85139;42.05493
01439500;-75.22051;-75.18007;41.24502;41.28534
01440000;-74.99065;-74.65056;41.06858;41.32759
01440400;-75.3798;-75.14731;41.06026;41.29234
01451800;-75.78993;-75.57464;40.55621;40.76652
01466500;-74.53051;-74.4506;39.83637;39.91124
01484100;-75.54014;-75.49965;38.85085;38.89143
01485500;-75.55459;-75.38833;38.20351;38.40844
01486000;-75.7144;-75.5888;38.17244;38.26342
01487000;-75.56609;-75.52568;38.71219;38.75251
01491000;-75.64855;-75.60813;38.9824;39.02272
01510000;-75.69828;-75.65783;42.69578;42.7361
01516500;-77.03681;-76.89859;41.71447;41.82522
01518862;-77.7769;-77.47344;41.80595;42.05616
01532000;-76.68934;-76.64891;41.72562;41.76593
01539000;-76.57679;-76.09977;41.0467;41.39403
01542810;-78.33915;-78.24556;41.55779;41.65968
01543000;-78.58278;-78.06358;41.38861;41.7127
01543500;-78.11755;-78.07493;41.29632;41.33832
01544500;-77.81697;-77.77654;41.62973;41.67004
01545600;-77.72238;-77.53798;41.34542;41.57423
01547700;-77.87828;-77.57614;40.96088;41.11669
01548500;-77.9178;-77.09665;41.45397;41.94908
01549500;-77.25864;-77.04609;41.42436;41.64144
01550000;-77.12769;-76.74089;41.38656;41.67237
01552000;-76.24217;-76.20174;41.47616;41.51648
01552500;-76.57368;-76.35531;41.31235;41.43484
01557500;-78.31321;-78.10396;40.6566;40.82068
01567500;-77.52803;-77.36228;40.33687;40.4469
01568000;-77.60408;-77.56366;40.18126;40.22157
01580000;-76.70797;-76.36618;39.59121;39.80798
01583500;-76.86892;-76.6198;39.43545;39.62526
01586610;-77.09847;-76.92957;39.42408;39.56651
01591400;-77.13887;-76.99524;39.23016;39.37341
01594950;-79.45007;-79.36956;39.24947;39.32258
01596500;-79.18918;-78.90783;39.53891;39.73613
01605500;-79.66635;-79.26676;38.37772;38.68046
01606500;-79.71968;-79.10749;38.37772;39.09237
01613050;-78.22969;-78.11091;39.87604;39.97497
01620500;-79.34293;-79.20162;38.29253;38.47603
01632000;-79.11312;-78.78798;38.51298;38.88366
01632900;-78.87881;-78.83841;38.45771;38.49803
01634500;-78.63629;-78.25385;38.9195;39.20678
01638480;-77.83156;-77.53588;39.1078;39.3002
01639500;-77.26264;-76.86445;39.55942;39.73969
01644000;-78.09548;-77.55686;38.82034;39.18684
01658500;-77.49989;-77.38516;38.55941;38.66112
01664000;-78.39241;-77.77552;38.44546;38.91596
01666500;-78.46264;-78.04326;38.29156;38.61758
01667500;-78.54617;-77.95105;38.10167;38.61758
01669000;-77.06245;-76.85905;37.80643;37.92622
01669520;-76.75804;-76.71763;37.59644;37.63676
02011400;-79.92193;-79.54313;37.97848;38.45784
02011460;-79.90303;-79.60622;38.09314;38.50473
02013000;-80.37644;-79.99218;37.54966;37.95918
02014000;-80.52291;-79.92223;37.412;37.76099
02015700;-79.58377;-79.5402;38.1668;38.20916
02016000;-79.82949;-79.30539;37.73053;38.48268
02017500;-80.56027;-80.07917;37.32026;37.58921
02018000;-80.56027;-79.87967;37.25921;37.71934
02027000;-79.17907;-78.88107;37.68951;37.93772
02027500;-79.21587;-78.98334;37.67523;37.8526
02028500;-79.01514;-78.71883;37.82786;38.06567
02038850;-78.73035;-78.59947;37.384;37.47754
02046000;-77.94608;-77.56344;36.99588;37.18609
02051000;-78.50561;-78.25509;36.97173;37.1264
02051500;-78.19632;-78.15592;36.74181;36.78212
02053200;-77.12935;-77.08896;36.26706;36.30737
02053800;-80.32125;-80.28086;37.05265;37.09296
02055100;-80.00497;-79.86442;37.37544;37.48712
02056900;-80.08896;-80.04857;36.96848;37.00879
02059500;-79.83837;-79.45916;37.11717;37.50539
02064000;-79.14362;-78.79699;37.09524;37.38527
02065500;-78.87421;-78.65773;37.05848;37.35346
02069700;-80.40415;-80.08107;36.51233;36.74222
02070000;-80.22655;-79.92291;36.54082;36.77415
02074500;-79.73604;-79.46456;36.57295;36.8525
02077200;-79.33038;-79.15801;36.19824;36.44461
02081500;-78.59245;-78.55047;36.16885;36.2102
02082950;-78.18164;-77.77127;36.1569;36.46844
02092500;-77.77851;-77.3994;34.90956;35.18401
02096846;-79.22805;-79.14024;35.96059;36.0572
02102908;-79.26207;-79.1501;35.11084;35.20761
02108000;-78.05881;-78.01842;34.80817;34.84848
02111180;-81.62409;-81.37439;36.04376;36.2551
02111500;-81.40277;-81.12909;36.15049;36.399
02112120;-81.08661;-81.04622;36.23156;36.27187
02112360;-80.8237;-80.78244;36.28632;36.32817
02118500;-81.16121;-80.69411;35.97683;36.20773
02125000;-80.43489;-80.27456;35.27948;35.51611
02128000;-79.9492;-79.75031;35.36394;35.71207
02137727;-82.31528;-82.03213;35.51777;35.75629
02140991;-81.9025;-81.56058;35.80738;36.16809
02143000;-81.77552;-81.35323;35.55799;35.74278
02143040;-81.7103;-81.53657;35.54141;35.65322
02149000;-82.25411;-81.99348;35.40194;35.63101
02152100;-81.86456;-81.63669;35.46157;35.63224
02177000;-83.39091;-83.0179;34.78478;35.14543
02178400;-83.62257;-83.43167;34.85703;35.06005
02193340;-82.89616;-82.85579;33.73546;33.77576
02196000;-82.33983;-81.76863;33.70353;34.21756
02198100;-81.96424;-81.78149;32.89648;33.03231
02202600;-81.53582;-81.49545;32.32602;32.36632
02212600;-83.80266;-83.60524;33.06664;33.27927
02215100;-83.8592;-83.4743;32.14862;32.41013
02216180;-83.1612;-82.8975;31.95326;32.11267
02221525;-83.78412;-83.4446;33.20106;33.54165
02231000;-82.52479;-82.04021;30.0659;30.78292
02231342;-80.97201;-80.75443;27.43185;27.64875
02235200;-81.63957;-81.59922;28.85805;28.89836
02245500;-82.04641;-81.72187;29.78234;30.01006
02246000;-82.05911;-82.01876;30.00456;30.04487
02296500;-81.68377;-81.6424;27.27239;27.31343
02297155;-82.11423;-81.98037;27.44338;27.66468
02297310;-81.99861;-81.95826;27.1503;27.19061
02298123;-81.77494;-81.73459;27.13017;27.17047
02298608;-82.04717;-82.00678;27.33872;27.3793
02299950;-82.25682;-82.04361;27.44212;27.66813
02300700;-82.39315;-82.22983;27.6878;27.83634
02310947;-81.76989;-81.72955;28.15418;28.19449
02312200;-82.23204;-81.81102;28.37913;28.65341
02314500;-82.89071;-82.09313;30.63926;31.2744
02315500;-82.82532;-82.78497;30.44609;30.4864
02324400;-83.5187;-83.47834;30.1375;30.1778
02327100;-84.48588;-84.44554;30.17402;30.21432
02342933;-85.54628;-85.2676;31.90685;32.12733
02349900;-83.94683;-83.73826;32.15815;32.33212
02350900;-84.73286;-84.2032;31.73938;32.41445
02361000;-85.72658;-85.24547;31.28802;31.90205
02363000;-85.88144;-85.39805;31.57077;32.16829
02369800;-86.80496;-86.53523;30.98376;31.17424
02371500;-86.28571;-85.61799;31.50356;32.17255
02372250;-86.45638;-85.98643;31.5499;32.0984
02374500;-87.18237;-86.89418;31.38291;31.75294
02381600;-84.49016;-84.39721;34.54601;34.61776
02384540;-84.7524;-84.61779;34.83306;34.91924
02395120;-84.91455;-84.87207;34.21856;34.26002
02408540;-86.31875;-85.92793;32.84499;33.33949
02415000;-86.02609;-85.71582;33.03604;33.34269
02422500;-86.99123;-86.60178;32.5593;33.00695
02427250;-87.14219;-86.71677;31.70669;32.08276
02430085;-88.30716;-88.26576;34.44551;34.48634
02430615;-88.39389;-88.28199;34.35364;34.46326
02450250;-87.56864;-87.29328;34.24068;34.45567
02464000;-87.74704;-87.46325;33.44605;33.86256
02464146;-87.54012;-87.4473;33.36408;33.45816
02464360;-87.76316;-87.59418;33.35095;33.57439
02465493;-87.6629;-87.40555;32.9054;33.03094
02469800;-88.04489;-88.00348;31.72018;31.76154
02472000;-89.71753;-89.18492;31.66724;32.38003
02472500;-89.87305;-89.38101;31.35612;31.88471
02479155;-89.0054;-88.96507;31.00983;31.05012
02479300;-89.14383;-89.1035;30.91653;30.95682
02479560;-88.59359;-88.1938;30.78001;31.58958
02481000;-89.28994;-89.24961;30.67661;30.7169
02481510;-89.33836;-89.29802;30.80402;30.8443
03010655;-77.9776;-77.93718;41.95271;41.99302
03011800;-78.74346;-78.51613;41.70073;41.85596
03015500;-79.73909;-79.29281;41.7408;42.11991
03021350;-79.72657;-79.68615;42.11658;42.15689
03026500;-78.66562;-78.55427;41.60254;41.7113
03028000;-78.82858;-78.57911;41.53811;41.74803
03049000;-79.62917;-79.58876;40.90397;40.94428
03049800;-79.96772;-79.87037;40.48948;40.59788
03050000;-80.13039;-80.08999;38.56396;38.60426
03066000;-79.51368;-79.27021;38.9765;39.23489
03069500;-80.03504;-79.27021;38.37259;39.23489
03070500;-79.79419;-79.45072;39.55084;39.87871
03076600;-79.42489;-79.21219;39.52959;39.71812
03078000;-79.30559;-79.08198;39.52033;39.77894
03140000;-81.8912;-81.74789;40.32398;40.50294
03144000;-82.3674;-82.06556;40.0692;40.36346
03159540;-82.11937;-82.07898;39.24358;39.28389
03161000;-81.75802;-81.33875;36.09735;36.43048
03164000;-81.76205;-80.89371;36.09735;36.78891
03165000;-80.97135;-80.79946;36.51828;36.71787
03170000;-80.65396;-80.08477;36.7776;37.10738
03173000;-81.29372;-80.6341;37.00222;37.32071
03180500;-79.8694;-79.829;38.61312;38.65343
03182500;-79.8694;-79.829;38.61312;38.65343
03186500;-80.51398;-80.10858;38.18155;38.42953
03187500;-80.25097;-80.21058;38.18145;38.22176
03213700;-82.33767;-81.28671;37.09749;37.71299
03237280;-83.30218;-83.16443;38.6137;38.73351
03237500;-83.79061;-83.24551;38.77128;39.23447
03238500;-84.00284;-83.62303;38.82938;39.20911
03241500;-83.92319;-83.58115;39.68252;39.82894
03280700;-83.34533;-83.14426;36.98309;37.1892
03281100;-83.90771;-83.55796;36.91472;37.18255
03281500;-83.95825;-83.42331;36.87482;37.53484
03285000;-84.91224;-84.31312;37.31307;37.67267
03291780;-85.34131;-85.20733;38.84217;39.01791
03300400;-85.31679;-84.87056;37.53159;38.0113
03338780;-87.80858;-87.37416;40.21032;40.58935
03340800;-86.96823;-86.92621;39.77819;39.81994
03346000;-88.05053;-88.00478;39.0371;39.07873
03357350;-86.79144;-86.67811;39.70436;39.82569
03364500;-85.36306;-85.32267;39.41813;39.45843
03366500;-85.56022;-85.51983;38.64799;38.68828
03368000;-85.5249;-85.35902;39.03574;39.15943
03384450;-88.60997;-88.42951;37.43725;37.61217
03439000;-83.00859;-82.79776;35.08204;35.32933
03450000;-82.44113;-82.35616;35.63098;35.7207
03455500;-83.01062;-82.85152;35.27155;35.4189
03456500;-82.90783;-82.725;35.29391;35.50034
03460000;-83.22325;-83.02225;35.5287;35.70775
03463300;-82.31137;-82.13797;35.67865;35.86663
03471500;-81.65992;-81.30914;36.6771;36.8402
03473000;-81.86959;-81.8227;36.60856;36.66368
03479000;-81.86102;-81.67484;36.08835;36.36861
03488000;-81.8059;-81.24332;36.82955;37.10736
03498500;-83.85038;-83.81;35.80663;35.84693
03500000;-83.5064;-83.26096;34.88326;35.17717
03500240;-83.60118;-83.36033;35.04019;35.21785
03504000;-83.67614;-83.45115;34.97665;35.16149
03574500;-86.01892;-85.97773;35.05262;35.0942
03592718;-88.32293;-88.19173;34.72506;34.87619
03604000;-87.3078;-87.26744;35.42355;35.46384
04015330;-91.90737;-91.86696;47.02853;47.06881
04024430;-92.6757;-92.01202;46.29646;46.6827
04027000;-90.3185;-90.2781;46.32965;46.36993
04040500;-88.5352;-88.49478;46.47026;46.51055
04043050;-88.48193;-88.22079;47.20268;47.37091
04045500;-85.89389;-84.86208;46.13627;46.61034
04056500;-86.79142;-85.57952;45.98563;46.61612
04057510;-86.86852;-86.56372;45.87159;46.36918
04057800;-87.87488;-87.83174;46.466;46.50852
04059500;-87.67928;-87.63886;45.92191;45.96221
04063700;-88.92771;-88.38707;45.65451;45.85338
04074950;-88.72387;-88.68346;45.36809;45.40838
04105700;-85.38954;-85.34914;42.32279;42.36309
04115265;-85.06453;-85.02412;43.26617;43.30647
04122200;-85.73961;-85.6992;43.52044;43.56073
04122500;-85.76786;-85.72418;43.65549;43.69828
04124000;-85.48879;-85.44837;44.5219;44.5622
04127918;-85.09901;-84.50998;46.13027;46.42434
04127997;-84.85653;-84.4761;44.99507;45.35945
04161580;-83.22722;-83.18681;42.84191;42.88222
04185000;-84.5346;-84.1281;41.46433;42.04831
04196800;-83.51474;-83.47433;40.87005;40.91034
04197100;-83.13443;-82.71231;40.87207;41.12733
04197170;-82.92184;-82.88144;41.10542;41.14572
04213000;-80.70774;-80.24987;41.63668;41.95774
04213075;-80.31916;-80.19012;41.96611;42.03863
04216418;-78.39898;-78.1847;42.60098;42.88982
04221000;-77.70945;-77.66903;42.03281;42.07313
04224775;-77.9363;-77.67013;42.36992;42.60161
04233000;-76.67027;-76.47131;42.25312;42.42009
04256000;-75.32302;-75.28257;43.78238;43.82271
04296000;-72.46684;-72.21104;44.55483;44.91164
05056000;-100.57269;-100.53228;47.62796;47.66825
05057000;-97.94129;-97.90088;47.57742;47.61769
05057200;-98.79334;-98.08246;47.12513;47.68665
05062500;-96.28237;-95.202;46.97395;47.54974
05087500;-96.94247;-95.97096;48.21741;48.5576
05120500;-100.77858;-100.73816;47.76145;47.80174
05123400;-100.54028;-100.49943;48.62016;48.66072
05129115;-92.05589;-92.01548;47.76001;47.80029
05131500;-92.99621;-92.95581;47.4792;47.51949
05291000;-97.10834;-96.44358;45.10971;45.51874
05362000;-90.98626;-90.07747;45.21027;45.69875
05393500;-90.23199;-89.95174;45.33053;45.56304
05399500;-90.42052;-90.03421;44.75404;45.1319
05408000;-90.70287;-90.66248;43.80265;43.84293
05412500;-91.22442;-91.18403;42.61504;42.65533
05413500;-90.79814;-90.75775;42.74569;42.78598
05414000;-90.7104;-90.39252;42.70723;43.00017
05444000;-89.80561;-89.51678;41.875;42.16846
05454000;-91.52403;-91.35653;41.65603;41.80108
05458000;-92.52503;-92.48426;43.07694;43.11748
05466500;-91.02492;-89.94201;41.12803;41.38545
05487980;-93.2625;-93.22213;40.94601;40.98628
05488200;-93.33023;-93.01447;41.05032;41.32759
05489000;-93.27588;-92.75508;40.86528;41.27558
05495000;-92.1379;-92.09753;40.68747;40.72774
05495500;-91.14726;-91.10547;40.31963;40.3613
05501000;-91.67068;-91.63031;39.62637;39.66665
05503800;-92.28868;-91.96982;39.54382;39.77818
05507600;-91.69469;-91.65255;39.41466;39.45605
05508805;-91.64827;-91.27169;39.25511;39.57954
05514500;-91.69134;-91.65097;39.09438;39.13466
05525500;-87.33682;-87.29643;40.59795;40.63824
05556500;-89.5452;-88.99669;41.3371;41.72626
05584500;-91.25699;-90.43978;40.20921;40.69005
05585000;-91.25699;-90.41751;39.94637;40.69005
05591550;-88.55808;-88.28183;39.42411;39.58006
05592050;-89.03891;-88.72831;39.35108;39.60927
05592575;-88.98556;-88.77169;38.87854;39.03516
05593575;-89.51542;-89.2052;38.29703;38.47967
05593900;-89.42346;-89.20363;39.12494;39.36076
05595730;-89.23051;-89.00801;38.19507;38.4719
06037500;-111.09626;-110.50753;44.31931;44.86724
06043500;-111.55093;-110.85022;44.82996;45.56866
06154410;-108.71101;-108.56354;47.89517;48.01833
06188000;-110.42109;-109.8041;44.53928;45.23898
06191500;-110.92892;-109.70254;43.92574;45.27573
06221400;-109.71299;-109.37678;43.14187;43.38286
06224000;-109.65089;-109.17064;42.91874;43.21577
06278300;-107.43566;-107.25475;44.42483;44.56252
06280300;-109.89451;-109.42281;43.78135;44.2435
06289000;-107.88516;-107.48248;44.74541;45.03341
06291500;-107.93151;-107.54998;44.89563;45.15666
06311000;-107.1464;-107.01986;43.99693;44.17686
06332515;-102.96753;-102.92711;47.73609;47.77638
06339100;-103.24112;-102.74183;47.14514;47.44318
06339500;-102.57498;-102.53456;46.88624;46.92653
06344600;-103.34954;-103.30912;47.13012;47.17041
06350000;-102.58223;-102.54182;46.32295;46.36324
06352000;-102.71741;-102.67586;46.30689;46.34829
06353000;-101.86795;-101.82754;45.85023;45.89052
06354000;-101.86795;-101.82754;45.85023;45.89052
06360500;-101.64167;-101.60126;44.94548;44.98577
06404000;-103.35916;-103.31658;43.84874;43.89099
06406000;-103.25695;-103.21655;43.78529;43.82558
06408700;-103.95063;-103.81245;44.07877;44.1732
06409000;-104.04588;-103.73703;43.88274;44.15052
06431500;-104.08292;-103.78043;44.12202;44.51308
06440200;-102.10504;-102.06464;43.76548;43.80577
06441500;-102.10504;-102.06464;43.76548;43.80577
06447000;-102.43666;-102.39553;42.75504;42.79537
06447500;-102.28353;-101.59427;42.88327;43.244
06450500;-101.0115;-100.97111;43.03249;43.07277
06452000;-102.43666;-102.39553;42.75504;42.79537
06453600;-98.17893;-98.13531;42.78506;42.831
06464500;-99.76849;-99.72811;43.09575;43.13602
06468170;-100.16705;-98.81841;47.25919;47.86755
06468250;-100.16705;-98.61362;47.25919;47.86755
06470800;-98.4027;-97.93004;46.20013;46.86081
06477500;-98.47073;-98.43035;43.52235;43.56263
06479215;-97.12712;-97.08674;45.31271;45.35299
06479438;-97.3191;-97.27871;45.06337;45.10364
06601000;-96.72493;-96.39549;42.03618;42.3668
06614800;-105.91387;-105.83519;40.45583;40.51764
06622700;-106.56327;-106.33182;41.32597;41.46918
06623800;-106.85306;-106.65556;40.85145;41.0844
06632400;-106.33205;-106.11399;41.36262;41.60878
06746095;-105.93089;-105.8339;40.49394;40.56364
06784000;-99.06565;-99.02527;41.16705;41.20732
06803510;-96.80893;-96.61882;40.85374;41.08472
06803530;-96.84328;-96.49859;40.94546;41.17308
06814000;-96.48799;-96.06662;39.86638;40.34738
06847900;-101.33992;-100.05959;39.27443;39.87218
06853800;-98.53814;-98.49202;40.01496;40.05815
06876700;-98.15924;-98.11889;39.07905;39.11933
06878000;-97.53846;-96.98417;38.99003;39.41536
06879650;-96.62487;-96.58242;39.08207;39.12395
06885500;-96.5818;-96.03064;39.52457;40.03162
06888500;-96.56389;-96.08699;38.79509;39.15029
06889200;-96.04553;-95.78746;39.17903;39.67764
06889500;-96.04553;-95.6819;39.06657;39.67764
06892000;-95.25555;-95.21519;39.54081;39.58108
06903400;-93.80309;-93.22921;40.80532;41.06267
06906800;-93.53513;-92.76753;38.36817;38.7307
06910800;-96.23765;-95.90577;38.53592;38.88017
06911900;-95.85512;-95.81268;38.68274;38.72462
06917000;-95.24683;-94.66518;37.87016;38.14498
06918460;-93.96193;-93.52784;37.00424;37.44399
06919500;-94.22312;-93.7832;37.30711;37.8877
06921070;-93.13147;-93.09112;37.25015;37.29043
06921200;-93.36905;-93.03614;37.55346;37.79604
06934000;-92.91157;-91.69828;37.02742;38.44513
07014500;-90.9271;-90.88675;37.83831;37.87859
07056000;-93.55229;-92.71648;35.64307;36.17606
07057500;-92.334;-91.8834;36.58321;37.16208
07060710;-92.39138;-92.17965;35.94756;36.12869
07066000;-92.02911;-91.31473;36.94448;37.25004
07067000;-92.02911;-90.93789;36.86839;37.59803
07068000;-91.14543;-91.10508;36.67201;36.7123
07071500;-91.98608;-91.94573;36.93177;36.97205
07083000;-106.54441;-106.33509;39.07962;39.22613
07142300;-99.85764;-98.81991;37.41167;37.94111
07145700;-97.41786;-97.37751;37.34746;37.388
07148400;-99.44796;-98.59971;36.75892;37.51891
07149000;-99.38256;-98.42554;37.00287;37.66993
07151500;-98.83048;-97.542;37.09996;37.61877
07167500;-96.54104;-96.19626;37.57285;37.78405
07180500;-96.9374;-96.6182;38.03412;38.22727
07184000;-95.04647;-94.98938;37.24903;37.2957
07195800;-94.46022;-94.33625;36.2291;36.33852
07196900;-94.50869;-94.33442;35.79907;35.96547
07197000;-94.87137;-94.33442;35.71616;36.12223
07208500;-105.23503;-104.92801;36.31366;36.50456
07226500;-103.90524;-103.86488;35.65198;35.69227
07261000;-92.39552;-92.35517;35.48467;35.52494
07263295;-92.99581;-92.71482;34.82711;34.95728
07290650;-90.52378;-90.48345;31.61253;31.65281
07291000;-90.86885;-90.52173;31.47742;31.79407
07292500;-91.18772;-90.47854;31.19488;31.79407
07295000;-91.36052;-91.00026;31.05505;31.2923
07299670;-100.23492;-99.71093;34.20621;34.51387
07301410;-100.52546;-100.4851;35.58182;35.6221
07301500;-99.52558;-99.48259;35.14788;35.18958
07315200;-98.28274;-97.98405;33.49056;33.84305
07315700;-97.95871;-97.44266;33.96587;34.5324
07335700;-94.63512;-94.59478;34.59118;34.63145
07340300;-94.32338;-93.98865;34.31774;34.51341
07346045;-94.73447;-94.31482;32.74102;33.23056
07359610;-93.83767;-93.79734;34.4604;34.50067
07362100;-92.98926;-92.94893;33.22427;33.26455
07362587;-92.94336;-92.90301;34.77999;34.82027
07373000;-92.52499;-92.48466;31.51115;31.55143
07375000;-90.26953;-90.22791;30.58318;30.62431
07376000;-90.79737;-90.53483;30.47977;31.18081
08013000;-92.80509;-92.76476;31.21936;31.25965
08014500;-93.2202;-92.7537;30.63676;31.16546
08023080;-93.98784;-93.73537;31.92714;32.16409
08025500;-93.58072;-93.29083;31.28526;31.58734
08029500;-93.9771;-93.72331;30.66085;31.10895
08050800;-97.06949;-96.91034;33.5098;33.73334
08066200;-95.01386;-94.77604;30.66983;30.97239
08066300;-94.92566;-94.63862;30.42329;30.81036
08070000;-95.30206;-95.26175;30.44637;30.48664
08070200;-95.30206;-95.26175;30.44637;30.48664
08079600;-101.44694;-101.4066;33.19254;33.23282
08082700;-99.74739;-99.43383;33.16716;33.39442
08086212;-99.17485;-99.13452;32.46095;32.50123
08086290;-99.15844;-99.11811;32.57418;32.61446
08101000;-98.55705;-98.51671;31.65209;31.69264
08103900;-98.21961;-98.01381;30.84382;30.97656
08104900;-98.20504;-97.64661;30.57439;30.78106
08109700;-97.34978;-96.84835;30.29408;30.58709
08150800;-99.29336;-98.96866;30.30964;30.67727
08155200;-98.21284;-98.17252;30.20152;30.2418
08158700;-98.10601;-98.06569;30.18658;30.22685
08158810;-98.02293;-97.98261;30.17137;30.21164
08164000;-97.22936;-97.18812;29.35852;29.39881
08164300;-96.81642;-96.7761;29.7266;29.76714
08164600;-97.13197;-96.76749;28.82751;29.08315
08165300;-99.68229;-99.64197;30.08252;30.1228
08171300;-98.73577;-97.87146;29.90842;30.18754
08175000;-97.46341;-97.42246;29.18831;29.22939
08176900;-97.23658;-97.19627;28.90089;28.94117
08178880;-99.55881;-99.51849;29.88693;29.92721
08189500;-97.73931;-97.69899;28.4514;28.49194
08190000;-99.84758;-99.80663;29.9949;30.03547
08190500;-100.58667;-100.06758;29.44194;30.14214
08194200;-99.37952;-98.9229;27.5155;28.02598
08195000;-99.88984;-99.54887;29.46627;30.02183
08196000;-99.95076;-99.73325;29.46185;29.80237
08198500;-99.68102;-99.42066;29.23219;29.88869
08200000;-99.26583;-99.22207;29.54664;29.58856
08202700;-99.50938;-99.23929;29.33205;29.75943
08267500;-105.5836;-105.39427;36.51047;36.65719
08269000;-105.52823;-105.29894;36.37835;36.57218
08271000;-105.5708;-105.37494;36.46801;36.56889
08324000;-106.89354;-106.37005;35.63191;36.14561
08377900;-105.68049;-105.46645;35.74937;35.98697
08378500;-105.7849;-105.46645;35.67763;36.00215
08380500;-105.57394;-105.28374;35.61948;35.83296
09034900;-105.95472;-105.86039;39.69028;39.80225
09035800;-106.04764;-105.93169;39.7759;39.86704
09035900;-106.09693;-105.90126;39.6638;39.82276
09047700;-106.00141;-105.88139;39.51417;39.62245
09065500;-106.30104;-106.15593;39.58241;39.68345
09066000;-106.28984;-106.17633;39.5101;39.64022
09066200;-106.35377;-106.27101;39.62571;39.72588
09066300;-106.4057;-106.30806;39.62298;39.72361
09081600;-107.40091;-106.96628;38.96488;39.26732
09107000;-106.7694;-106.72902;39.02228;39.06257
09210500;-110.66862;-110.39423;41.99009;42.44241
09223000;-110.83239;-110.60594;42.08478;42.39001
09306242;-108.63861;-108.41266;39.8167;39.95787
09312600;-111.16323;-110.93889;39.84434;40.06719
09352900;-107.62738;-107.43837;37.45474;37.72851
09378170;-109.48806;-109.34575;37.79657;37.87268
09378630;-109.50364;-109.4311;37.72825;37.8443
09386900;-108.60041;-108.34522;35.2286;35.42089
09404450;-112.72289;-112.4498;37.30735;37.5169
09430500;-107.84441;-107.80405;33.33744;33.37774
09430600;-108.70697;-108.40999;33.13796;33.327
09447800;-109.97216;-109.47614;32.92616;33.33352
09480000;-110.7696;-110.42151;31.3145;31.53638
09484000;-110.86342;-110.69474;32.28506;32.46949
09484600;-110.61098;-110.57061;32.08019;32.12049
09492400;-109.59139;-109.55102;33.86107;33.90137
09494000;-109.59139;-109.55102;33.86107;33.90137
09497800;-110.56595;-110.52558;34.19847;34.23877
09497980;-110.79389;-110.75346;34.15915;34.19973
09505200;-111.70554;-111.37064;34.565;34.8526
09505350;-111.57369;-111.53331;34.89658;34.93689
09505800;-111.32763;-111.28725;34.73197;34.77228
09508300;-111.73309;-111.46342;34.09646;34.25296
09510200;-111.61289;-111.3515;33.64578;34.02652
09512280;-111.89564;-111.85527;33.88192;33.92223
09513780;-112.18621;-111.8549;33.91456;34.11396
10023000;-111.46522;-111.18787;41.49841;41.65802
10166430;-112.3202;-112.27978;40.55121;40.59152
10172700;-112.21871;-112.1755;39.89944;39.94011
10172800;-112.65197;-112.44825;40.41584;40.602
10173450;-112.86137;-112.48937;37.51988;37.73748
10205030;-111.60745;-111.42033;38.8555;39.09912
10234500;-112.59803;-112.31544;38.16379;38.40594
10242000;-113.59366;-112.75875;37.45484;38.02434
10244950;-114.71495;-114.67281;39.17443;39.21601
10249300;-117.11091;-117.07049;38.62816;38.66848
10258000;-116.70756;-116.50187;33.73497;33.87239
10258500;-116.64698;-116.60659;33.69822;33.73854
10259000;-116.66723;-116.51043;33.725;33.80448
10259200;-116.39674;-116.35635;33.43718;33.4775
10263500;-117.62678;-117.58638;34.35632;34.39664
10310500;-119.92388;-119.74482;39.0627;39.17435
10316500;-115.33109;-115.28802;40.58867;40.63256
10329500;-117.60743;-117.22663;41.47825;41.80997
10336645;-120.22705;-120.09024;38.9576;39.07661
10336660;-120.27254;-120.11161;39.04061;39.14674
10336740;-119.96274;-119.87058;39.01408;39.09013
10343500;-120.25321;-120.21176;39.40984;39.45037
10348850;-119.9612;-119.79206;39.29179;39.38448
10396000;-118.71229;-118.67185;42.44458;42.4849
11098000;-118.23075;-118.07846;34.19376;34.30709
11124500;-119.93818;-119.64824;34.56998;34.73339
11141280;-120.62362;-120.43721;35.20796;35.34406
11143000;-121.79586;-121.57003;36.15719;36.32243
11148900;-121.49663;-121.06402;35.75925;36.05997
11151300;-121.11995;-120.60686;36.08191;36.4478
11162500;-122.35712;-122.31468;37.24103;37.28268
11176400;-121.72364;-121.38673;37.26626;37.59365
11180500;-122.06513;-121.94283;37.56788;37.67551
11180960;-122.09439;-122.02071;37.68674;37.83315
11224500;-120.48016;-120.43584;36.19721;36.23944
11230500;-119.00135;-118.74762;37.25764;37.41971
11237500;-119.25906;-119.07281;37.11342;37.23593
11253310;-120.65538;-120.3607;36.3029;36.50461
11264500;-119.61493;-119.23726;37.57374;37.86096
11266500;-119.69732;-119.65583;37.69285;37.73474
11274500;-121.4796;-121.05256;37.13012;37.4248
11274630;-121.5079;-121.14651;37.34985;37.53434
11284400;-120.20955;-120.06871;37.76138;37.86796
11299600;-120.70143;-120.54045;37.93379;38.06498
11381500;-122.05763;-121.45304;40.02755;40.50596
11383500;-121.96988;-121.9278;39.93898;39.98015
11451100;-122.86753;-122.59472;39.12085;39.28026
11468500;-123.7595;-123.38641;39.32182;39.53506
11473900;-123.3758;-123.33537;39.84702;39.88736
11475560;-123.66851;-123.55211;39.66645;39.75481
11476600;-124.08887;-124.04843;40.28858;40.32891
11478500;-123.92652;-123.35506;40.22936;40.59136
11480390;-123.39809;-123.10614;40.06821;40.3205
11481200;-123.98151;-123.94106;41.05564;41.09598
11482500;-123.69792;-123.65747;40.74642;40.78675
11522500;-123.51649;-122.87716;40.9721;41.58619
11523200;-122.82276;-122.45987;41.07377;41.38824
11528700;-123.60629;-122.93565;40.11168;40.76408
11532500;-124.06932;-124.02886;41.88999;41.93032
12010000;-123.79318;-123.52824;46.34223;46.557
12013500;-123.74827;-123.38427;46.43891;46.68294
12020000;-123.44066;-123.18655;46.36147;46.65702
12025000;-123.01047;-122.44758;46.52377;46.75357
12025700;-122.6566;-122.41215;46.65454;46.81364
12035000;-123.63422;-123.23671;46.97797;47.46268
12040500;-124.36308;-123.55616;47.46979;47.81885
12041200;-124.30973;-123.54812;47.70057;47.92885
12043000;-124.45768;-123.95321;47.87952;48.07214
12048000;-123.40287;-122.97844;47.74437;48.05104
12054000;-123.39714;-122.96199;47.58557;47.73453
12056500;-123.52438;-123.24892;47.46102;47.65923
12073500;-122.74615;-122.66454;47.36612;47.48967
12082500;-122.13205;-121.69047;46.63164;46.87188
12092000;-122.06048;-121.74045;46.76218;46.97803
12095000;-122.19126;-121.81082;46.98751;47.18369
12114500;-121.58195;-121.41047;47.24548;47.37727
12115000;-121.67768;-121.41047;47.24548;47.40978
12115500;-121.71519;-121.56585;47.26762;47.39532
12117000;-121.87489;-121.69805;47.30421;47.41756
12141300;-121.71228;-121.21177;47.39737;47.62922
12143600;-121.73971;-121.35852;47.32862;47.48424
12144000;-121.8284;-121.35852;47.32862;47.52494
12145500;-121.84671;-121.80622;47.46312;47.50346
12147500;-121.82487;-121.52488;47.68534;47.81099
12147600;-121.63304;-121.49872;47.66861;47.74509
12167000;-122.01899;-121.97849;48.20831;48.24865
12175500;-121.09537;-121.04681;48.6552;48.69809
12178100;-121.31256;-121.12024;48.54413;48.69131
12186000;-121.54753;-121.09666;47.93744;48.1938
12189500;-121.70452;-120.88644;47.93744;48.46182
12358500;-114.11742;-112.85886;47.88752;48.87593
12374250;-114.85913;-114.67187;47.73869;47.85834
12375900;-114.04808;-113.88895;47.46997;47.55992
12377150;-114.00552;-113.86198;47.2823;47.38873
12381400;-113.73191;-113.69146;47.06247;47.10278
12383500;-113.99729;-113.86492;47.09018;47.17771
12388400;-114.50543;-114.32196;47.16678;47.32959
12390700;-115.77607;-115.24196;47.44552;47.65683
12411000;-116.46627;-115.95247;47.66627;48.08909
12414500;-116.33252;-115.04932;46.92286;47.45555
12447390;-120.26525;-120.09573;48.79474;48.9496
12451000;-121.09164;-120.60869;48.17744;48.57082
12488500;-121.54283;-121.13773;46.79174;47.01341
13011500;-110.542;-110.49952;43.82486;43.86701
13011900;-110.47591;-109.79365;43.69689;44.02924
13018300;-110.74075;-110.58406;43.39177;43.48582
13023000;-111.0123;-110.96654;43.12293;43.1667
13083000;-114.23589;-113.93992;42.04792;42.26172
13161500;-115.84588;-115.33629;41.37729;41.97525
13235000;-115.65585;-114.94761;43.92176;44.3716
13240000;-116.02422;-115.84276;44.84736;45.06118
13310700;-115.92251;-115.56287;44.44531;45.01953
13313000;-115.50478;-115.46433;44.53906;44.57938
13331500;-117.78849;-117.30542;45.08878;45.64421
13337000;-115.78544;-114.30029;46.11586;46.76083
13338500;-115.32628;-115.28582;45.83884;45.87916
13340000;-114.84867;-114.80822;45.50297;45.54329
13340600;-115.78668;-114.74115;46.39122;47.03461
14020000;-118.28578;-118.24531;45.58506;45.62538
14092750;-121.82354;-121.56427;44.69567;44.80127
14096850;-121.32627;-121.2858;45.00789;45.04822
14137000;-121.78728;-121.74682;45.16208;45.20241
14138800;-121.94779;-121.80513;45.39243;45.48665
14138870;-122.05519;-121.92562;45.43261;45.51121
14138900;-122.07019;-121.95194;45.46747;45.58949
14139800;-122.13958;-121.90733;45.40415;45.48652
14141500;-122.20076;-121.89574;45.37137;45.45685
14154500;-122.92705;-122.50869;43.49474;43.81764
14158500;-121.93187;-121.89068;44.43715;44.47763
14158790;-122.14944;-122.00541;44.30537;44.4187
14166500;-123.36264;-123.32218;44.12895;44.16929
14182500;-122.25803;-122.21756;44.76196;44.8023
14185000;-122.52578;-122.09866;44.24688;44.50747
14185900;-122.50746;-122.09391;44.50329;44.68899
14187000;-122.66407;-122.39484;44.24701;44.41028
14216500;-122.20071;-121.83728;46.04956;46.34635
14222500;-122.50582;-122.0597;45.69015;45.90968
14236200;-122.49777;-122.05079;46.48831;46.71006
14301000;-123.06785;-123.02738;45.79894;45.83928
14303200;-123.5788;-123.48385;45.29031;45.35635
14305500;-123.91255;-123.54069;44.65498;44.9952
14306340;-123.65802;-123.55162;44.22173;44.3001
14306500;-123.95034;-123.40778;44.17712;44.53134
14308990;-123.16697;-122.89763;42.70205;42.88641
14309500;-123.90034;-123.57884;42.72733;42.92345
14316700;-122.86244;-122.42946;43.31193;43.61719
14325000;-124.19337;-123.835;42.64353;42.9258
14362250;-123.19999;-123.03633;42.115;42.21624
14400000;-124.26228;-123.7706;42.08401;42.38178
