site_no,lat,lon,huc2,huc4,huc6,huc8,rfc
01100568,42.46703909,-71.2722795,01,0107,010700,01070002,NERFC
01104455,42.37259606,-71.27033448,01,0109,010900,01090001,NERFC
01377370,41.03666667,-74.0391667,02,0203,020301,02030103,MARFC
01392500,40.78805556,-74.1716667,02,0203,020301,02030103,MARFC
01393450,40.675,-74.2219444,02,0203,020301,02030104,MARFC
01403150,40.6122222,-74.5908333,02,0203,020301,02030105,MARFC
01403540,40.63638889,-74.45138889,02,0203,020301,02030105,MARFC
01467036,40.1809422,-75.11211669,02,0204,020402,02040202,MARFC
01467042,40.08983289,-75.0690611,02,0204,020402,02040202,MARFC
01467086,40.04650038,-75.11073008,02,0204,020402,02040203,MARFC
01467087,40.0159454,-75.0968411,02,0204,020402,02040202,MARFC
01475530,39.97483455,-75.2799067,02,0204,020402,02040202,MARFC
01475548,39.9327861,-75.2376361,02,0204,020402,02040202,MARFC
01475850,39.97649897,-75.4365864,02,0204,020402,02040202,MARFC
01483155,39.4309722,-75.7094722,02,0204,020402,02040205,MARFC
01494850,39.8223306,-75.8968883,02,0206,020600,02060002,MARFC
01531250,41.84035215,-76.8269019,02,0205,020501,02050106,MARFC
01576516,39.99154444,-76.2609306,02,0205,020503,02050306,MARFC
015765185,39.99119167,-76.26395278,02,0205,020503,02050306,MARFC
01581500,39.5414722,-76.3301111,02,0206,020600,02060003,MARFC
01581649,39.49219444,-76.2591111,02,0206,020600,02060003,MARFC
01581700,39.51994444,-76.3729722,02,0206,020600,02060003,MARFC
01581752,39.49649667,-76.34745969,02,0206,020600,02060003,MARFC
0158175320,39.4817222,-76.34052778,02,0206,020600,02060003,MARFC
01583100,39.5206111,-76.76688889,02,0206,020600,02060003,MARFC
01583500,39.51077778,-76.6765,02,0206,020600,02060003,MARFC
01583580,39.4794722,-76.67802778,02,0206,020600,02060003,MARFC
0158397967,39.41010679,-76.5560775,02,0206,020600,02060003,MARFC
01584050,39.45469444,-76.47888889,02,0206,020600,02060003,MARFC
01584500,39.5053611,-76.43177778,02,0206,020600,02060003,MARFC
01585090,39.3795833,-76.4958056,02,0206,020600,02060003,MARFC
01585100,39.37052778,-76.4459167,02,0206,020600,02060003,MARFC
01585104,39.383,-76.4329722,02,0206,020600,02060003,MARFC
01585200,39.37363889,-76.5843333,02,0206,020600,02060003,MARFC
01585500,39.5933333,-76.96752778,02,0206,020600,02060003,MARFC
01589100,39.24,-76.6921944,02,0206,020600,02060003,MARFC
01589197,39.44294444,-76.7834167,02,0206,020600,02060003,MARFC
01589238,39.40044444,-76.7704444,02,0206,020600,02060003,MARFC
01589290,39.36171708,-76.761446,02,0206,020600,02060003,MARFC
01589300,39.34588889,-76.7331944,02,0206,020600,02060003,MARFC
01589305,39.3351111,-76.7108333,02,0206,020600,02060003,MARFC
01589315,39.31325,-76.7321111,02,0206,020600,02060003,MARFC
01589316,39.31891667,-76.7506944,02,0206,020600,02060003,MARFC
01589317,39.327,-76.74513889,02,0206,020600,02060003,MARFC
01589320,39.31805556,-76.73577778,02,0206,020600,02060003,MARFC
01589330,39.3112222,-76.71663889,02,0206,020600,02060003,MARFC
01589352,39.2715,-76.6485556,02,0206,020600,02060003,MARFC
01589440,39.3917222,-76.6609444,02,0206,020600,02060003,MARFC
01589464,39.3395,-76.6256944,02,0206,020600,02060003,MARFC
01644372,39.22288366,-77.2491504,02,0207,020700,02070008,MARFC
01644375,39.1989949,-77.27498388,02,0207,020700,02070008,MARFC
01644380,39.2066111,-77.2885833,02,0207,020700,02070008,MARFC
01644390,39.216,-77.3164167,02,0207,020700,02070008,MARFC
01645762,38.90888916,-77.3382627,02,0207,020700,02070008,MARFC
01651800,38.9011111,-76.9421944,02,0207,020700,02070010,MARFC
01652500,38.8433333,-77.0858611,02,0207,020700,02070010,MARFC
01653000,38.8065021,-77.1097011,02,0207,020700,02070010,MARFC
01656903,38.8823899,-77.4319047,02,0207,020700,02070010,MARFC
0208732534,35.7875,-78.6547222,03,0302,030202,03020201,SERFC
0208732885,35.81694444,-78.5930556,03,0302,030202,03020201,SERFC
0208735012,35.78,-78.66638889,03,0302,030202,03020201,SERFC
02094659,36.04944444,-79.8552778,03,0303,030300,03030002,SERFC
02094770,36.03805556,-79.7997222,03,0303,030300,03030002,SERFC
02094775,36.0311111,-79.7961111,03,0303,030300,03030002,SERFC
02095181,36.07916667,-79.8127778,03,0303,030300,03030002,SERFC
02102192,35.5597222,-78.9736111,03,0303,030300,03030004,SERFC
0212430293,35.2586111,-80.6627778,03,0304,030401,03040105,SERFC
0212430653,35.25388889,-80.6480556,03,0304,030401,03040105,SERFC
0212467595,35.125,-80.6027778,03,0304,030401,03040105,SERFC
02142914,35.29944444,-80.94638889,03,0305,030501,03050101,SERFC
02146000,34.98486935,-80.9739658,03,0305,030501,03050103,SERFC
02146211,35.26194444,-80.8369444,03,0305,030501,03050103,SERFC
0214627970,35.24027778,-80.8683333,03,0305,030501,03050103,SERFC
02146300,35.19777778,-80.9044444,03,0305,030501,03050103,SERFC
02146315,35.20666667,-80.9219444,03,0305,030501,03050103,SERFC
02146409,35.2036111,-80.8369444,03,0305,030501,03050103,SERFC
0214645075,35.16888889,-80.8308333,03,0305,030501,03050103,SERFC
02146470,35.16444444,-80.8530556,03,0305,030501,03050103,SERFC
02146507,35.14805556,-80.8577778,03,0305,030501,03050103,SERFC
0214655255,35.1758333,-80.7191667,03,0305,030501,03050103,SERFC
02146562,35.18666667,-80.7366667,03,0305,030501,03050103,SERFC
0214657975,35.1586111,-80.7133333,03,0305,030501,03050103,SERFC
02146700,35.1408333,-80.82,03,0305,030501,03050103,SERFC
02162093,34.02737615,-81.0417588,03,0305,030501,03050106,SERFC
02168504,34.0509822,-81.2095418,03,0305,030501,03050109,SERFC
02181580,34.73203858,-83.3757198,03,0306,030601,03060102,SERFC
02237293,28.7444364,-81.8725798,03,0308,030801,03080102,SERFC
02238500,29.0811111,-81.8808333,03,0308,030801,03080102,SERFC
02309415,28.02335166,-82.7406565,03,0310,031002,03100207,SERFC
02336152,33.81044444,-84.2479722,03,0313,031300,03130001,SERFC
02336240,33.80288264,-84.3407585,03,0313,031300,03130001,SERFC
02336313,33.8217716,-84.4388178,03,0313,031300,03130001,SERFC
02336360,33.86916667,-84.37888889,03,0313,031300,03130001,SERFC
02336526,33.79427255,-84.4743747,03,0313,031300,03130002,SERFC
02393377,34.01694444,-84.6433333,03,0315,031501,03150104,SERFC
02393419,33.99527778,-84.6930556,03,0315,031501,03150104,SERFC
02457000,33.60149249,-86.7555457,03,0316,031601,03160111,SERFC
02465292,33.17484164,-87.5647288,03,0316,031601,03160113,SERFC
03293530,38.27645917,-85.693573,05,0514,051401,05140101,OHRFC
03294550,38.1775699,-85.8669086,05,0514,051401,05140101,OHRFC
03298135,38.19479109,-85.557181,05,0514,051401,05140102,OHRFC
03337000,40.1111428,-88.2264375,05,0512,051201,05120109,OHRFC
04087119,43.0438333,-88.0051111,04,0404,040400,04040003,NCRFC
06402000,43.43053476,-103.4763069,10,1012,101201,10120109,MBRFC
06710150,39.5633216,-104.927758,10,1019,101900,10190002,MBRFC
06846500,39.98500557,-100.560148,10,1025,102500,10250014,MBRFC
06893557,39.0330833,-94.6053889,10,1030,103001,10300101,MBRFC
06893620,39.11194444,-94.4722222,10,1030,103001,10300101,MBRFC
06935955,38.728,-90.4474722,10,1030,103002,10300200,MBRFC
06935980,38.76425,-90.4328333,10,1030,103002,10300200,MBRFC
06935997,38.8484722,-90.2860833,10,1030,103002,10300200,NCRFC
06936475,38.818,-90.25125,10,1030,103002,10300200,NCRFC
07001910,38.7787222,-90.2330556,07,0714,071401,07140101,NCRFC
07001985,38.76227778,-90.1969167,07,0714,071401,07140101,NCRFC
07005000,38.73677778,-90.2261944,07,0714,071401,07140101,NCRFC
07010022,38.66825,-90.3236944,07,0714,071401,07140101,NCRFC
07010055,38.6223611,-90.3753333,07,0714,071401,07140101,NCRFC
07010061,38.62060796,-90.3851173,07,0714,071401,07140101,NCRFC
07010070,38.615,-90.3763889,07,0714,071401,07140101,NCRFC
07010075,38.61638889,-90.3642222,07,0714,071401,07140101,NCRFC
07010082,38.61671885,-90.337338,07,0714,071401,07140101,NCRFC
07010086,38.60088889,-90.3261667,07,0714,071401,07140101,NCRFC
07010090,38.57669444,-90.3235278,07,0714,071401,07140101,NCRFC
07010180,38.52694444,-90.2996389,07,0714,071401,07140101,NCRFC
07010208,38.49091667,-90.2930278,07,0714,071401,07140101,NCRFC
07019120,38.55175,-90.5114722,07,0714,071401,07140102,NCRFC
07019150,38.5928611,-90.493,07,0714,071401,07140102,NCRFC
07019175,38.5765833,-90.4643333,07,0714,071401,07140102,NCRFC
07019185,38.5685833,-90.4711667,07,0714,071401,07140102,NCRFC
07019195,38.52705556,-90.4471111,07,0714,071401,07140102,NCRFC
07019220,38.51116667,-90.4442778,07,0714,071401,07140102,NCRFC
07019317,38.48327778,-90.3410278,07,0714,071401,07140102,NCRFC
07031692,35.16936978,-89.8661254,08,0801,080102,08010210,LMRFC
07047855,35.8086111,-90.6422222,08,0802,080202,08020203,LMRFC
07099060,38.4891658,-104.9974832,11,1102,110200,11020002,ABRFC
07099215,NA,NA,NA,NA,NA,NA,NA
07099230,NA,NA,NA,NA,NA,NA,NA
07099238,NA,NA,NA,NA,NA,NA,NA
07103700,38.85471357,-104.8780314,11,1102,110200,11020003,ABRFC
07103780,39.03102778,-104.8466111,11,1102,110200,11020003,ABRFC
07103970,38.9338817,-104.8171992,11,1102,110200,11020003,ABRFC
07103980,38.93943809,-104.7410863,11,1102,110200,11020003,ABRFC
07103990,38.9272222,-104.8141667,11,1102,110200,11020003,ABRFC
07104000,38.91777057,-104.8185877,11,1102,110200,11020003,ABRFC
07104905,38.83721474,-104.8294192,11,1102,110200,11020003,ABRFC
07105500,38.81638158,-104.8227519,11,1102,110200,11020003,ABRFC
07105530,38.8030491,-104.7958069,11,1102,110200,11020003,ABRFC
07105800,38.7294404,-104.7338611,11,1102,110200,11020003,ABRFC
07105900,38.6844413,-104.688583,11,1102,110200,11020003,ABRFC
07126200,37.34557255,-103.9580186,11,1102,110200,11020010,ABRFC
07126325,37.42418269,-103.9202382,11,1102,110200,11020010,ABRFC
07126390,37.49279316,-103.8280114,11,1102,110200,11020010,ABRFC
07126415,37.51529314,-103.7255071,11,1102,110200,11020010,ABRFC
07126480,37.58918109,-103.6482815,11,1102,110200,11020010,ABRFC
07139000,37.9558565,-100.8773844,11,1103,110300,11030001,ABRFC
07140850,38.2066829,-99.6434539,11,1103,110300,11030006,ABRFC
07144300,37.64334849,-97.3353227,11,1103,110300,11030013,ABRFC
07144910,37.637796,-98.7209237,11,1103,110300,11030015,ABRFC
07154500,36.92668707,-102.9590954,11,1104,110400,11040001,ABRFC
07164500,36.14064807,-96.0063866,11,1111,111101,11110101,ABRFC
07164600,36.07565044,-95.9605501,11,1111,111101,11110101,ABRFC
07177800,36.1945384,-95.9141599,11,1107,110701,11070107,ABRFC
07179795,38.36584739,-97.0828018,11,1107,110702,11070202,ABRFC
07216500,35.8908722,-105.1636194,11,1108,110800,11080003,ABRFC
07245000,35.26231927,-95.2371891,11,1109,110902,11090204,ABRFC
07297910,34.83755505,-101.4140578,11,1112,111201,11120103,ABRFC
07298500,34.62783574,-100.9406994,11,1112,111201,11120103,ABRFC
07299540,34.56922728,-100.1940023,11,1112,111201,11120105,ABRFC
07299670,34.35451979,-99.7403719,11,1113,111301,11130101,ABRFC
07299890,34.93560669,-100.6965246,11,1112,111202,11120201,ABRFC
07312610,33.88444444,-98.4988889,11,1113,111302,11130206,ABRFC
07325840,NA,NA,NA,NA,NA,NA,NA
07325850,35.29088918,-98.5292287,11,1113,111303,11130302,ABRFC
07325860,NA,NA,NA,NA,NA,NA,NA
07326000,35.14367036,-98.4428358,11,1113,111303,11130302,ABRFC
07331600,33.81899124,-96.5633264,11,1114,111401,11140101,ABRFC
08017410,32.8062358,-95.9194109,12,1201,120100,12010001,WGRFC
08047050,32.6951316,-97.4472422,12,1203,120301,12030102,WGRFC
08050100,32.74763085,-96.9258382,12,1203,120301,12030102,WGRFC
08056500,32.80735055,-96.8025013,12,1203,120301,12030105,WGRFC
08057200,32.88929207,-96.7566664,12,1203,120301,12030105,WGRFC
08067525,29.77078197,-94.9996503,12,1204,120402,12040203,WGRFC
08072730,29.8307828,-95.6868912,12,1204,120401,12040104,WGRFC
08072760,29.86717035,-95.646612,12,1204,120401,12040104,WGRFC
08074020,29.87078073,-95.4804961,12,1204,120401,12040104,WGRFC
08074250,29.82800424,-95.469385,12,1204,120401,12040104,WGRFC
08074500,29.77522777,-95.3971612,12,1204,120401,12040104,WGRFC
08074540,29.79277778,-95.3680556,12,1204,120401,12040104,WGRFC
08075730,29.69467363,-95.216323,12,1204,120401,12040104,WGRFC
08075763,29.80883745,-95.3132696,12,1204,120401,12040104,WGRFC
08075770,29.79328217,-95.2679907,12,1204,120401,12040104,WGRFC
08075780,29.94911178,-95.5196633,12,1204,120401,12040104,WGRFC
08080700,34.17896048,-101.7026748,12,1205,120500,12050005,WGRFC
08083420,32.47540219,-99.7492556,12,1206,120601,12060102,WGRFC
08083480,32.49956829,-99.7161995,12,1206,120601,12060102,WGRFC
08099500,31.9579235,-98.4592116,12,1207,120702,12070201,WGRFC
08100000,31.78876325,-98.1214238,12,1207,120702,12070201,WGRFC
08100500,31.4347222,-97.7583333,12,1207,120702,12070201,WGRFC
08101000,31.2848902,-97.8850244,12,1207,120702,12070202,WGRFC
08103800,31.0793403,-98.0166919,12,1207,120702,12070203,WGRFC
08103900,30.91156805,-98.0369676,12,1207,120702,12070203,WGRFC
08105886,30.46555556,-97.7878889,12,1207,120702,12070205,WGRFC
08117995,32.6287208,-101.2854044,12,1208,120800,12080002,WGRFC
08120500,32.57372368,-100.9078941,12,1208,120800,12080002,WGRFC
08121000,32.39261865,-100.8787246,12,1208,120800,12080002,WGRFC
08123800,32.1992913,-101.0140029,12,1208,120800,12080007,WGRFC
08123850,32.05374399,-100.762052,12,1208,120800,12080008,WGRFC
08124000,31.88542168,-100.4806543,12,1208,120800,12080008,WGRFC
08126380,31.71542973,-100.0264755,12,1209,120901,12090101,WGRFC
08127000,31.74931697,-99.9478636,12,1209,120901,12090101,WGRFC
08128000,31.18711186,-100.5020388,12,1209,120901,12090102,WGRFC
08128400,31.42738264,-100.7112125,12,1209,120901,12090103,WGRFC
08131400,31.30905356,-100.4459254,12,1209,120901,12090102,WGRFC
08134000,31.5926549,-100.6370449,12,1209,120901,12090104,WGRFC
08134250,31.54265769,-100.5550977,12,1209,120901,12090104,WGRFC
08136000,31.454606,-100.4106474,12,1209,120901,12090105,WGRFC
08136500,31.5159908,-99.9195226,12,1209,120901,12090105,WGRFC
08155300,30.24465306,-97.8022283,12,1209,120902,12090205,WGRFC
08155541,30.24666667,-97.7691667,12,1209,120902,12090205,WGRFC
08156675,30.35416667,-97.7388889,12,1209,120902,12090205,WGRFC
08156800,30.27659704,-97.7502834,12,1209,120902,12090205,WGRFC
08156910,30.32277778,-97.7227778,12,1209,120902,12090205,WGRFC
08158035,30.26305556,-97.7125,12,1209,120902,12090205,WGRFC
08158045,30.30055556,-97.6855556,12,1209,120902,12090205,WGRFC
08158380,30.35437215,-97.6980609,12,1209,120902,12090205,WGRFC
08158600,30.2832642,-97.655003,12,1209,120902,12090205,WGRFC
08158920,30.23520806,-97.8602848,12,1209,120902,12090205,WGRFC
08158927,30.2124722,-97.8288611,12,1209,120902,12090205,WGRFC
08158970,30.189378,-97.732504,12,1209,120902,12090205,WGRFC
08159000,30.17798987,-97.6886138,12,1209,120902,12090205,WGRFC
08170500,29.88910804,-97.9341718,12,1210,121002,12100203,WGRFC
08177700,29.4991192,-98.5102958,12,1210,121003,12100301,WGRFC
08178050,29.39301189,-98.4947392,12,1210,121003,12100301,WGRFC
08178565,29.32218127,-98.4502932,12,1210,121003,12100301,WGRFC
08178593,29.5638611,-98.5196667,12,1210,121003,12100301,WGRFC
08178700,29.5160633,-98.4311271,12,1210,121003,12100301,WGRFC
08178800,29.35718017,-98.4127925,12,1210,121003,12100301,WGRFC
08181400,29.57856108,-98.6916896,12,1210,121003,12100302,WGRFC
08181480,29.32995837,-98.5841856,12,1210,121003,12100302,WGRFC
08181500,29.2641276,-98.4908493,12,1210,121003,12100302,WGRFC
08183900,29.77498889,-98.7094694,12,1210,121003,12100304,WGRFC
08184050,NA,NA,NA,NA,NA,NA,NA
08198500,29.31430556,-99.4804722,12,1211,121101,12110106,WGRFC
08200000,29.57003056,-99.2476889,12,1211,121101,12110107,WGRFC
08204005,29.1544077,-99.7433888,12,1211,121101,12110106,WGRFC
08329835,NA,NA,NA,NA,NA,NA,NA
08329870,NA,NA,NA,NA,NA,NA,NA
08329900,35.19805556,-106.5997222,13,1302,130202,13020203,WGRFC
08330600,35.00194444,-106.6575,13,1302,130202,13020203,WGRFC
08340500,NA,NA,NA,NA,NA,NA,NA
08376300,30.12851998,-102.3848654,13,1304,130402,13040208,WGRFC
08382000,35.46890278,-105.1614417,13,1306,130600,13060001,WGRFC
08393610,33.408775,-104.4717167,13,1306,130600,13060008,WGRFC
08405105,32.29043056,-104.3491667,13,1306,130600,13060011,WGRFC
08477110,32.854675,-107.9737889,13,1303,130302,13030202,WGRFC
08480595,NA,NA,NA,NA,NA,NA,NA
09306255,40.1685813,-108.4012046,14,1405,140500,14050006,CBRFC
09367500,36.737575,-108.2503361,14,1408,140801,14080105,CBRFC
09383500,34.03032717,-109.1864707,15,1502,150200,15020001,CBRFC
09399400,34.92141094,-110.7976357,15,1502,150200,15020008,CBRFC
09401260,36.10499334,-111.2018069,15,1502,150200,15020018,CBRFC
09404104,35.80444444,-112.4263889,15,1501,150100,15010004,CBRFC
09404208,35.76498839,-113.3682663,15,1501,150100,15010002,CBRFC
09404222,35.7999,-113.65535,15,1501,150100,15010005,CBRFC
09404343,35.38416188,-113.6577185,15,1501,150100,15010007,CBRFC
09408195,37.00164939,-113.4688407,15,1501,150100,15010009,CBRFC
09419000,36.64302844,-114.5397075,15,1501,150100,15010012,CBRFC
09419659,36.22864167,-115.0742806,15,1501,150100,15010015,CBRFC
094196783,36.13969527,-115.0477755,15,1501,150100,15010015,CBRFC
09419696,36.09080799,-115.0238843,15,1501,150100,15010015,CBRFC
09419700,36.08747539,-114.9858276,15,1501,150100,15010015,CBRFC
09419753,36.100375,-114.9433194,15,1501,150100,15010015,CBRFC
09419756,36.10247588,-114.934437,15,1501,150100,15010015,CBRFC
09419800,36.12219816,-114.904992,15,1501,150100,15010015,CBRFC
09423350,35.24498915,-115.2988759,15,1503,150301,15030102,CBRFC
09447800,32.95561778,-109.5311876,15,1504,150400,15040005,CBRFC
09470800,31.47287518,-110.3478588,15,1505,150502,15050202,CBRFC
09471000,31.62592644,-110.1745226,15,1505,150502,15050202,CBRFC
09471400,31.70027778,-110.2263889,15,1505,150502,15050202,CBRFC
09472050,32.44618273,-110.4884183,15,1505,150502,15050203,CBRFC
09473000,32.84423324,-110.6301,15,1505,150502,15050203,CBRFC
09480500,31.3445443,-110.851474,15,1505,150503,15050301,CBRFC
09481000,31.3432722,-110.9316722,15,1505,150503,15050301,CBRFC
09481740,31.61286778,-111.0414792,15,1505,150503,15050301,CBRFC
09482000,31.8714728,-110.9800905,15,1505,150503,15050301,CBRFC
09482500,32.22118727,-110.9817589,15,1505,150503,15050301,CBRFC
09484500,32.26535338,-110.841199,15,1505,150503,15050302,CBRFC
09484550,31.86555556,-110.57,15,1505,150503,15050302,CBRFC
09484580,31.86175124,-110.691193,15,1505,150503,15050302,CBRFC
09484600,32.0359141,-110.6775818,15,1505,150503,15050302,CBRFC
09485000,32.12952258,-110.625914,15,1505,150503,15050302,CBRFC
09485450,32.2206319,-110.829531,15,1505,150503,15050302,CBRFC
09485700,32.2714643,-110.9145354,15,1505,150503,15050302,CBRFC
09486055,32.30340807,-111.0120406,15,1505,150503,15050301,CBRFC
09486350,32.33618529,-111.0420429,15,1505,150503,15050301,CBRFC
09486500,32.3511849,-111.0945447,15,1505,150503,15050302,CBRFC
09486520,32.47145874,-111.3076074,15,1505,150503,15050303,CBRFC
09486800,31.83897238,-111.4042694,15,1505,150503,15050304,CBRFC
09487000,32.07563364,-111.3387156,15,1505,150503,15050302,CBRFC
09489000,33.23226977,-112.169593,15,1505,150503,15050303,CBRFC
09489500,33.47672039,-109.7639775,15,1506,150601,15060101,CBRFC
09496500,33.9858809,-110.2809417,15,1506,150601,15060104,CBRFC
09497800,33.8431053,-110.5576092,15,1506,150601,15060103,CBRFC
09498502,33.4878297,-110.9953942,15,1506,150601,15060103,CBRFC
09502960,34.55196864,-112.4623913,15,1506,150602,15060202,CBRFC
09503000,34.56307975,-112.4448909,15,1506,150602,15060202,CBRFC
09512162,33.4403229,-111.9151434,15,1506,150601,15060106,CBRFC
09512500,34.3153073,-112.0640455,15,1507,150701,15070102,CBRFC
09517490,33.31031984,-112.8818423,15,1507,150701,15070104,CBRFC
09520280,32.8822686,-113.541306,15,1507,150702,15070201,CBRFC
09520500,32.7608789,-114.4205019,15,1507,150702,15070201,CBRFC
10259050,NA,NA,NA,NA,NA,NA,NA
10259100,33.749466,-116.4227903,18,1810,181002,18100200,CNRFC
11045300,33.34697584,-117.3178152,18,1807,180703,18070302,CNRFC
11048200,33.67890959,-117.7142187,18,1807,180702,18070204,CNRFC
11048600,33.64502095,-117.8611673,18,1807,180702,18070204,CNRFC
11060400,34.07834596,-117.3003209,18,1807,180702,18070203,CNRFC
11072100,33.8891821,-117.5628274,18,1807,180702,18070203,CNRFC
11073300,34.01862319,-117.7306118,18,1807,180702,18070203,CNRFC
11073360,34.00390144,-117.7270006,18,1807,180702,18070203,CNRFC
11073495,NA,NA,NA,NA,NA,NA,NA
11077500,33.7702946,-117.8845014,18,1807,180702,18070203,CNRFC
11088500,33.88779206,-117.9264496,18,1807,180701,18070106,CNRFC
11089500,33.89584765,-117.8861706,18,1807,180701,18070106,CNRFC
11092450,34.16167247,-118.466749,18,1807,180701,18070105,CNRFC
11101250,34.05834368,-118.0717348,18,1807,180701,18070105,CNRFC
11106550,34.17944989,-119.0398242,18,1807,180701,18070103,CNRFC
11109000,34.40360813,-118.739258,18,1807,180701,18070102,CNRFC
11181008,37.6799311,-122.0805186,18,1805,180500,18050004,CNRFC
12091200,47.2214873,-122.5092916,17,1711,171100,17110019,NWRFC
