site_no,lat,lon,huc2,huc4,huc6,huc8,rfc
01049500,44.22916667,-69.7780556,01,0103,010300,01030003,NERFC
01315500,43.7008333,-73.9833333,02,0202,020200,02020001,NERFC
01318500,43.31888889,-73.8441667,02,0202,020200,02020001,NERFC
01321000,43.35277778,-74.27027778,02,0202,020200,02020002,NERFC
01618100,39.4830833,-77.8318333,02,0207,020700,02070004,MARFC
04096405,42.1031014,-85.0799764,04,0405,040500,04050001,NCRFC
04097500,41.94032575,-85.6327707,04,0405,040500,04050001,NCRFC
04097540,41.88838304,-85.409428,04,0405,040500,04050001,NCRFC
04099000,41.80088279,-85.7561047,04,0405,040500,04050001,NCRFC
04099510,41.6344947,-85.109691,04,0405,040500,04050001,NCRFC
04099750,41.7489396,-85.5763747,04,0405,040500,04050001,NCRFC
04100500,41.5933827,-85.8486057,04,0405,040500,04050001,NCRFC
04101000,41.6917158,-85.9750004,04,0405,040500,04050001,NCRFC
04101370,41.728659,-86.2627852,04,0405,040500,04050001,NCRFC
04101500,41.8292138,-86.2597325,04,0405,040500,04050001,NCRFC
04103500,42.2647643,-84.96387,04,0405,040500,04050003,NCRFC
04109000,42.28364676,-84.4088483,04,0405,040500,04050004,NCRFC
04111000,42.5347591,-84.62303529,04,0405,040500,04050004,NCRFC
04111379,42.6830899,-84.2191329,04,0405,040500,04050004,NCRFC
04112500,42.7272571,-84.4780317,04,0405,040500,04050004,NCRFC
04113000,42.75059039,-84.555257,04,0405,040500,04050004,NCRFC
04114000,42.85642289,-84.9122182,04,0405,040500,04050004,NCRFC
04114498,42.82809018,-84.7594339,04,0405,040500,04050004,NCRFC
04115000,43.10975485,-84.6930521,04,0405,040500,04050005,NCRFC
04116000,42.971977,-85.0691725,04,0405,040500,04050006,NCRFC
04121500,43.8991863,-85.2553192,04,0406,040601,04060102,NCRFC
04135700,44.61473849,-84.455575,04,0407,040700,04070007,NCRFC
04136000,44.6769593,-84.2925146,04,0407,040700,04070007,NCRFC
04136500,44.66001385,-84.1311167,04,0407,040700,04070007,NCRFC
04136900,44.61279117,-83.83776619,04,0407,040700,04070007,NCRFC
04137005,44.56084749,-83.802764,04,0407,040700,04070007,NCRFC
04137500,44.43640447,-83.4338609,04,0407,040700,04070007,NCRFC
04146000,43.0447494,-83.33716779,04,0408,040802,04080204,NCRFC
04146063,43.1594706,-83.3507814,04,0408,040802,04080204,NCRFC
04147500,43.11113726,-83.5193965,04,0408,040802,04080204,NCRFC
04148140,43.0336381,-83.5813417,04,0408,040802,04080204,NCRFC
04148500,43.03891625,-83.771626,04,0408,040802,04080204,NCRFC
04170000,42.57892089,-83.62660809,04,0409,040900,04090005,NCRFC
04172000,42.4653119,-83.799943,04,0409,040900,04090005,NCRFC
04174500,42.28698238,-83.7338296,04,0409,040900,04090005,NCRFC
04175600,42.1680947,-84.0760575,04,0410,041000,04100002,NCRFC
04220045,43.1736111,-78.3866667,04,0413,041300,04130001,NERFC
04228500,42.91777778,-77.7572222,04,0413,041300,04130003,NERFC
04229500,42.9572222,-77.58888889,04,0413,041300,04130003,NERFC
04231600,43.1417222,-77.6163056,04,0413,041300,04130003,NERFC
04232730,42.93888889,-76.7611111,04,0414,041402,04140201,NERFC
04235000,42.91805556,-77.23277778,04,0414,041402,04140201,NERFC
04235440,42.9322222,-76.565,04,0414,041402,04140201,NERFC
04235600,43.0786111,-76.6455556,04,0414,041402,04140201,NERFC
04247000,43.205,-76.21777778,04,0414,041402,04140202,NERFC
04247055,43.21116667,-76.2871111,04,0414,041402,04140203,NERFC
04249000,43.45166667,-76.50527778,04,0414,041402,04140203,NERFC
04250200,43.5333333,-76.0386111,04,0414,041401,04140102,NERFC
04260500,43.98555556,-75.9247222,04,0415,041501,04150101,NERFC
04266500,44.2347222,-74.5719444,04,0415,041503,04150305,NERFC
04268000,44.83888889,-74.97888889,04,0415,041503,04150305,NERFC
04282500,44.01311488,-73.1678954,04,0415,041504,04150402,NERFC
04296500,44.94032449,-72.1892684,04,0415,041505,04150500,NERFC
05014300,48.7954444,-113.6805833,10,1001,100100,10010002,MBRFC
05014500,48.7988333,-113.6567306,10,1001,100100,10010002,MBRFC
05017500,48.83303718,-113.4206533,10,1001,100100,10010002,MBRFC
05030500,46.3694039,-96.0175556,09,0902,090201,09020103,NCRFC
05046000,46.20968199,-96.1850614,09,0902,090201,09020103,NCRFC
05057200,47.2291562,-98.1248189,09,0902,090202,09020203,NCRFC
05058000,47.0338718,-98.0837077,09,0902,090202,09020204,NCRFC
05058700,46.4469123,-97.6792652,09,0902,090202,09020204,NCRFC
05059000,46.63163288,-97.000643,09,0902,090202,09020204,NCRFC
05059300,46.74638889,-96.9269444,09,0902,090202,09020204,NCRFC
05061000,46.84995979,-96.3295093,09,0902,090201,09020106,NCRFC
05061500,46.7755175,-96.6281318,09,0902,090201,09020106,NCRFC
05062000,46.9610736,-96.661465,09,0902,090201,09020106,NCRFC
05062500,47.26555556,-96.2475,09,0902,090201,09020108,NCRFC
05063398,47.1133333,-96.3858333,09,0902,090201,09020108,NCRFC
05064500,47.351918,-96.843691,09,0902,090201,09020107,NCRFC
05066500,47.40942385,-97.0611974,09,0902,090201,09020109,NCRFC
05070000,47.7588646,-96.9439684,09,0902,090203,09020301,NCRFC
05076000,48.1855249,-96.1700335,09,0902,090203,09020304,NCRFC
05124480,47.9226749,-91.535126,09,0903,090300,09030001,NCRFC
05125000,47.83990347,-91.69541879,09,0903,090300,09030001,NCRFC
05126210,47.84185,-91.7990339,09,0903,090300,09030001,NCRFC
05127500,48.0823937,-91.6526237,09,0903,090300,09030001,NCRFC
05129115,48.2646282,-92.5659935,09,0903,090300,09030002,NCRFC
05129290,48.5243635,-93.0748688,09,0903,090300,09030003,NCRFC
05131500,48.39577636,-93.5493266,09,0903,090300,09030005,NCRFC
05132000,48.1957849,-93.8071245,09,0903,090300,09030006,NCRFC
05133500,48.6344009,-93.913228,09,0903,090300,09030004,NCRFC
05134200,48.53608068,-94.562716,09,0903,090300,09030007,NCRFC
05200510,47.48328559,-94.7280436,07,0701,070101,07010101,NCRFC
05207600,47.3022222,-93.9013889,07,0701,070101,07010101,NCRFC
05212700,47.3888277,-93.380757,07,0701,070101,07010103,NCRFC
05242300,46.377744,-94.1833279,07,0701,070101,07010104,NCRFC
05244000,46.64023789,-94.8791839,07,0701,070101,07010106,NCRFC
05245100,45.97496449,-94.8658552,07,0701,070101,07010108,NCRFC
05247500,46.304967,-94.3775036,07,0701,070101,07010106,NCRFC
05267000,45.8260765,-94.3552782,07,0701,070102,07010201,NCRFC
05270500,45.55968715,-94.2336033,07,0701,070102,07010202,NCRFC
05270700,45.5471875,-94.145822,07,0701,070102,07010203,NCRFC
05275000,45.3338537,-93.6669098,07,0701,070102,07010203,NCRFC
05280000,45.0866297,-93.734132,07,0701,070102,07010204,NCRFC
05286000,45.32774267,-93.3724537,07,0701,070102,07010207,NCRFC
05288500,45.1266318,-93.2968947,07,0701,070102,07010206,NCRFC
05288580,45.0933333,-93.195,07,0701,070102,07010206,NCRFC
05289800,44.91552097,-93.2127224,07,0701,070102,07010206,NCRFC
05292000,45.29552046,-96.4442231,07,0702,070200,07020001,NCRFC
05294000,45.2027393,-96.0225455,07,0702,070200,07020002,NCRFC
05301000,45.0213472,-95.8683648,07,0702,070200,07020004,NCRFC
05304500,45.108292,-95.7989224,07,0702,070200,07020005,NCRFC
05305000,45.02106855,-95.7905848,07,0702,070200,07020005,NCRFC
05311000,44.9332903,-95.7336374,07,0702,070200,07020004,NCRFC
05313500,44.71516667,-95.5441111,07,0702,070200,07020004,NCRFC
05315000,44.43016667,-95.8295556,07,0702,070200,07020006,NCRFC
05316500,44.5235701,-95.1724992,07,0702,070200,07020006,NCRFC
05316580,44.5460717,-94.9963838,07,0702,070200,07020007,NCRFC
05317000,44.29135177,-94.4402495,07,0702,070200,07020008,NCRFC
05319500,44.04635215,-94.1955144,07,0702,070200,07020010,NCRFC
05320000,44.09552035,-94.1094019,07,0702,070200,07020009,NCRFC
05320500,44.10968777,-94.0419002,07,0702,070200,07020011,NCRFC
05327000,44.5719079,-93.9219113,07,0702,070200,07020012,NCRFC
05330000,44.69301845,-93.641902,07,0702,070200,07020012,NCRFC
05331833,46.1713409,-91.32935,07,0703,070300,07030002,NCRFC
05338500,45.84162199,-92.9335412,07,0703,070300,07030004,NCRFC
05340500,45.4069444,-92.6469444,07,0703,070300,07030005,NCRFC
05344500,44.74580095,-92.8002026,07,0704,070400,07040001,NCRFC
05357245,46.03555556,-89.7055556,07,0705,070500,07050002,NCRFC
05357335,46.0488377,-89.9846035,07,0705,070500,07050002,NCRFC
05378500,44.0555186,-91.6376487,07,0704,070400,07040003,NCRFC
05401050,44.2625,-89.8102778,07,0707,070700,07070003,NCRFC
05420500,41.78058635,-90.252073,07,0708,070801,07080101,NCRFC
05423500,43.64165509,-88.72066309,07,0709,070900,07090001,NCRFC
05424057,43.45027778,-88.6322222,07,0709,070900,07090001,NCRFC
05425500,43.18805556,-88.7261111,07,0709,070900,07090001,NCRFC
05426000,43.1,-88.8494444,07,0709,070900,07090002,NCRFC
05427085,42.9275,-88.8427778,07,0709,070900,07090001,NCRFC
05427530,42.83,-89.0213889,07,0709,070900,07090001,NCRFC
05429500,43.00888889,-89.305,07,0709,070900,07090001,NCRFC
05429700,42.9197239,-89.2203937,07,0709,070900,07090001,NCRFC
05430175,42.82638889,-89.1719444,07,0709,070900,07090001,NCRFC
05430500,42.6136111,-89.0716667,07,0709,070900,07090001,NCRFC
05437500,42.45027778,-89.0725,07,0709,070900,07090005,NCRFC
05443500,41.7722222,-89.7455556,07,0709,070900,07090005,NCRFC
05446500,41.5561111,-90.1852778,07,0709,070900,07090005,NCRFC
05453520,41.71529327,-91.5301698,07,0708,070802,07080208,NCRFC
05454500,41.6566832,-91.5410017,07,0708,070802,07080209,NCRFC
05455700,41.42377778,-91.4785278,07,0708,070802,07080209,NCRFC
05476000,43.6182916,-94.984991,07,0710,071000,07100001,NCRFC
05476750,42.7194158,-94.2205182,07,0710,071000,07100002,NCRFC
05479000,42.7235824,-94.193489,07,0710,071000,07100003,NCRFC
05480500,42.50830276,-94.2035732,07,0710,071000,07100004,NCRFC
05481000,42.43247506,-93.8057762,07,0710,071000,07100005,NCRFC
05481300,42.2519203,-93.9968975,07,0710,071000,07100004,NCRFC
05481650,41.6805439,-93.6682755,07,0710,071000,07100004,NCRFC
05482000,41.61248906,-93.6210513,07,0710,071000,07100004,NCRFC
05482500,41.98803907,-94.3769127,07,0710,071000,07100006,NCRFC
05484650,41.5616561,-93.7035539,07,0710,071000,07100006,NCRFC
05484900,41.58165598,-93.6429964,07,0710,071000,07100006,NCRFC
05485500,41.57776716,-93.6054951,07,0710,071000,07100008,NCRFC
05488110,41.36055325,-92.9732556,07,0710,071000,07100009,NCRFC
05488500,41.28139069,-92.861504,07,0710,071000,07100009,NCRFC
05489500,41.01084795,-92.4112963,07,0710,071000,07100009,NCRFC
05490500,40.72780589,-91.959617,07,0710,071000,07100009,NCRFC
05517500,41.2200392,-86.968356,07,0712,071200,07120001,NCRFC
05517530,41.2539276,-87.033914,07,0712,071200,07120001,NCRFC
05518000,41.1828134,-87.3403096,07,0712,071200,07120001,NCRFC
05520500,41.16003338,-87.6686483,07,0712,071200,07120001,NCRFC
055451345,42.59055556,-88.4336111,07,0712,071200,07120006,NCRFC
05545750,42.61085116,-88.225923,07,0712,071200,07120006,NCRFC
05550001,42.16194444,-88.29388889,07,0712,071200,07120006,NCRFC
05551000,41.9961111,-88.295,07,0712,071200,07120007,NCRFC
05551540,41.7336111,-88.3333333,07,0712,071200,07120007,NCRFC
05552500,41.38447735,-88.7892423,07,0712,071200,07120007,NCRFC
05558300,41.1072222,-89.3561111,07,0713,071300,07130001,NCRFC
05568500,40.5530943,-89.77733,07,0713,071300,07130003,NCRFC
05578000,40.0133333,-89.8383333,07,0713,071300,07130008,NCRFC
05578500,40.11503787,-89.049251,07,0713,071300,07130009,NCRFC
05579500,39.95166667,-89.3855556,07,0713,071300,07130009,NCRFC
05582000,40.1319901,-89.7356639,07,0713,071300,07130009,NCRFC
05583000,40.12416667,-89.985,07,0713,071300,07130008,NCRFC
05586100,39.7033802,-90.6454047,07,0713,071300,07130011,NCRFC
05592100,39.2297644,-88.8417321,07,0714,071402,07140201,NCRFC
05592500,38.96060098,-89.0889554,07,0714,071402,07140202,NCRFC
05593000,38.6117153,-89.35619,07,0714,071402,07140202,NCRFC
05593000,38.6117153,-89.35619,07,0714,071402,07140202,NCRFC
05593945,38.77588058,-89.4989718,07,0714,071402,07140203,NCRFC
05594000,38.61,-89.4947222,07,0714,071402,07140203,NCRFC
05594100,38.45060486,-89.6275926,07,0714,071402,07140204,NCRFC
05594100,38.45060486,-89.6275926,07,0714,071402,07140204,NCRFC
05594100,38.45060486,-89.6275926,07,0714,071402,07140204,NCRFC
05595000,38.3197222,-89.8886111,07,0714,071402,07140204,NCRFC
05595000,38.3197222,-89.8886111,07,0714,071402,07140204,NCRFC
05595000,38.3197222,-89.8886111,07,0714,071402,07140204,NCRFC
05597000,37.89138889,-89.0194444,07,0714,071401,07140106,NCRFC
05597000,37.89138889,-89.0194444,07,0714,071401,07140106,NCRFC
05599490,37.7583333,-89.3277778,07,0714,071401,07140106,NCRFC
05599490,37.7583333,-89.3277778,07,0714,071401,07140106,NCRFC
05599490,37.7583333,-89.3277778,07,0714,071401,07140106,NCRFC
06006000,44.61703056,-111.6567472,10,1002,100200,10020001,MBRFC
06006000,44.61703056,-111.6567472,10,1002,100200,10020001,MBRFC
06006000,44.61703056,-111.6567472,10,1002,100200,10020001,MBRFC
06012500,44.65588056,-112.3712222,10,1002,100200,10020001,MBRFC
06016000,45.11612778,-112.7504944,10,1002,100200,10020002,MBRFC
06016000,45.11612778,-112.7504944,10,1002,100200,10020002,MBRFC
06017000,45.2183833,-112.6553333,10,1002,100200,10020002,MBRFC
06017000,45.2183833,-112.6553333,10,1002,100200,10020002,MBRFC
06017000,45.2183833,-112.6553333,10,1002,100200,10020002,MBRFC
06018500,45.38338889,-112.4528306,10,1002,100200,10020002,MBRFC
06018500,45.38338889,-112.4528306,10,1002,100200,10020002,MBRFC
06018500,45.38338889,-112.4528306,10,1002,100200,10020002,MBRFC
06019500,45.1923194,-112.1428167,10,1002,100200,10020003,MBRFC
06019500,45.1923194,-112.1428167,10,1002,100200,10020003,MBRFC
06019500,45.1923194,-112.1428167,10,1002,100200,10020003,MBRFC
06019500,45.1923194,-112.1428167,10,1002,100200,10020003,MBRFC
06019500,45.1923194,-112.1428167,10,1002,100200,10020003,MBRFC
06020600,45.2418694,-112.1112389,10,1002,100200,10020003,MBRFC
06020600,45.2418694,-112.1112389,10,1002,100200,10020003,MBRFC
06020600,45.2418694,-112.1112389,10,1002,100200,10020003,MBRFC
06020600,45.2418694,-112.1112389,10,1002,100200,10020003,MBRFC
06020600,45.2418694,-112.1112389,10,1002,100200,10020003,MBRFC
06023500,45.24579167,-113.45715,10,1002,100200,10020004,MBRFC
06023500,45.24579167,-113.45715,10,1002,100200,10020004,MBRFC
06023500,45.24579167,-113.45715,10,1002,100200,10020004,MBRFC
06023500,45.24579167,-113.45715,10,1002,100200,10020004,MBRFC
06023500,45.24579167,-113.45715,10,1002,100200,10020004,MBRFC
06023800,45.36098056,-113.4409667,10,1002,100200,10020004,MBRFC
06023800,45.36098056,-113.4409667,10,1002,100200,10020004,MBRFC
06023800,45.36098056,-113.4409667,10,1002,100200,10020004,MBRFC
06023800,45.36098056,-113.4409667,10,1002,100200,10020004,MBRFC
06024020,45.42286389,-113.4493944,10,1002,100200,10020004,MBRFC
06024020,45.42286389,-113.4493944,10,1002,100200,10020004,MBRFC
06024020,45.42286389,-113.4493944,10,1002,100200,10020004,MBRFC
06024450,45.61796667,-113.4569417,10,1002,100200,10020004,MBRFC
06024450,45.61796667,-113.4569417,10,1002,100200,10020004,MBRFC
06024450,45.61796667,-113.4569417,10,1002,100200,10020004,MBRFC
06024540,45.80754167,-113.3132694,10,1002,100200,10020004,MBRFC
06024540,45.80754167,-113.3132694,10,1002,100200,10020004,MBRFC
06024540,45.80754167,-113.3132694,10,1002,100200,10020004,MBRFC
06024580,45.8508222,-113.068361,10,1002,100200,10020004,MBRFC
06024580,45.8508222,-113.068361,10,1002,100200,10020004,MBRFC
06025250,45.7012694,-112.7359694,10,1002,100200,10020004,MBRFC
06025500,45.52658056,-112.701725,10,1002,100200,10020004,MBRFC
06026210,45.4400944,-112.5560917,10,1002,100200,10020004,MBRFC
06026420,45.5500222,-112.360675,10,1002,100200,10020005,MBRFC
06026500,45.6132833,-112.3293972,10,1002,100200,10020005,MBRFC
06033000,46.21103056,-112.09165,10,1002,100200,10020006,MBRFC
06036650,45.8971361,-111.5956722,10,1002,100200,10020005,MBRFC
06036805,44.45936389,-110.8217361,10,1002,100200,10020007,MBRFC
06036905,44.6201833,-110.8635028,10,1002,100200,10020007,MBRFC
06036940,44.732725,-110.7132528,10,1002,100200,10020007,MBRFC
06037100,44.6408,-110.8610639,10,1002,100200,10020007,MBRFC
06037500,44.6570722,-111.0679639,10,1002,100200,10020007,MBRFC
06038500,44.86639167,-111.3387806,10,1002,100200,10020007,MBRFC
06038800,44.88865556,-111.580886,10,1002,100200,10020007,MBRFC
06040000,45.2331333,-111.7516333,10,1002,100200,10020007,MBRFC
06041000,45.49023056,-111.6345056,10,1002,100200,10020007,MBRFC
06043500,45.4973,-111.2707083,10,1002,100200,10020008,MBRFC
06052500,45.88535556,-111.438286,10,1002,100200,10020008,MBRFC
06054500,46.1465722,-111.4202778,10,1003,100301,10030101,MBRFC
06061500,46.5190972,-111.946786,10,1003,100301,10030101,MBRFC
06062500,46.5238972,-112.2566472,10,1003,100301,10030101,MBRFC
06065500,46.76619167,-111.8887944,10,1003,100301,10030101,MBRFC
06066500,46.99473889,-112.0106667,10,1003,100301,10030102,MBRFC
06071300,47.0054361,-112.070311,10,1003,100301,10030102,MBRFC
06073500,47.199025,-112.0959056,10,1003,100301,10030102,MBRFC
06076690,46.7958,-111.1785556,10,1003,100301,10030103,MBRFC
06077200,46.82798056,-111.1922389,10,1003,100301,10030103,MBRFC
06077500,47.19005278,-111.3871944,10,1003,100301,10030103,MBRFC
06078200,47.43496667,-111.3884444,10,1003,100301,10030102,MBRFC
06085800,47.50162778,-111.9319139,10,1003,100301,10030104,MBRFC
06088500,47.56126667,-111.5417694,10,1003,100301,10030104,MBRFC
06089000,47.52577778,-111.511036,10,1003,100301,10030104,MBRFC
06090300,47.5844444,-111.0605806,10,1003,100301,10030102,MBRFC
06090800,47.8169111,-110.6661417,10,1003,100301,10030102,MBRFC
06091700,48.42695278,-112.9899833,10,1003,100302,10030201,MBRFC
06093200,48.36945,-112.8017806,10,1003,100302,10030201,MBRFC
06099500,48.4271972,-111.889836,10,1003,100302,10030203,MBRFC
06101500,48.3059611,-111.0805278,10,1003,100302,10030203,MBRFC
06102500,47.8830833,-112.6119833,10,1003,100302,10030205,MBRFC
06108000,47.930325,-111.5529417,10,1003,100302,10030205,MBRFC
06108800,47.9327194,-110.5144333,10,1003,100302,10030205,MBRFC
06109500,48.0037833,-110.2588222,10,1004,100401,10040101,MBRFC
06115200,47.63143056,-108.6877444,10,1004,100401,10040104,MBRFC
06119600,46.4769583,-110.2489667,10,1004,100402,10040201,MBRFC
06120500,46.4288,-109.8411944,10,1004,100402,10040201,MBRFC
06123030,46.31899167,-109.4605472,10,1004,100402,10040201,MBRFC
06126500,46.4279972,-108.5726361,10,1004,100402,10040202,MBRFC
06127500,46.522425,-108.1088722,10,1004,100402,10040202,MBRFC
06130500,46.99469167,-107.8891639,10,1004,100402,10040205,MBRFC
06133500,48.9707833,-113.0559694,10,1005,100500,10050001,MBRFC
06135000,48.9748194,-110.4217778,10,1005,100500,10050002,MBRFC
06139500,48.52671389,-109.8415778,10,1005,100500,10050005,MBRFC
06140500,48.5636861,-109.6959556,10,1005,100500,10050004,MBRFC
06142400,48.5788694,-109.3911306,10,1005,100500,10050004,MBRFC
06151500,48.64949167,-109.2316944,10,1005,100500,10050008,MBRFC
06154100,48.48964167,-108.75895,10,1005,100500,10050004,MBRFC
06154400,48.2237333,-108.7140528,10,1005,100500,10050009,MBRFC
06155030,48.40277778,-108.2940944,10,1005,100500,10050004,MBRFC
06164510,48.50920278,-107.2187556,10,1005,100500,10050014,MBRFC
06166000,48.3567833,-107.5821861,10,1005,100500,10050014,MBRFC
06167500,48.4203111,-107.1711389,10,1005,100500,10050014,MBRFC
06172310,48.30790556,-106.8223167,10,1005,100500,10050012,MBRFC
06174500,48.13005278,-106.3643139,10,1005,100500,10050012,MBRFC
06177000,48.067325,-105.5330972,10,1006,100600,10060001,MBRFC
06185500,48.1235,-104.4733,10,1006,100600,10060005,MBRFC
06186500,44.56709167,-110.3804056,10,1007,100700,10070001,MBRFC
06187915,45.00283056,-110.0018722,10,1007,100700,10070001,MBRFC
06188000,44.92817778,-110.3942694,10,1007,100700,10070001,MBRFC
06191000,44.9923444,-110.690975,10,1007,100700,10070001,MBRFC
06191500,45.1121194,-110.7936667,10,1007,100700,10070002,MBRFC
06192500,45.5972111,-110.5664972,10,1007,100700,10070002,MBRFC
06195600,45.7383611,-110.4794694,10,1007,100700,10070003,MBRFC
06200000,45.8337944,-109.9387056,10,1007,100700,10070002,MBRFC
06204050,45.24323889,-109.7313028,10,1007,100700,10070005,MBRFC
06204070,45.25438735,-109.6998945,10,1007,100700,10070005,MBRFC
06205000,45.5514361,-109.3880306,10,1007,100700,10070005,MBRFC
06207500,45.0099111,-109.0653667,10,1007,100700,10070006,MBRFC
06209500,45.0861472,-109.3291889,10,1007,100700,10070006,MBRFC
06211000,45.43785,-109.2533111,10,1007,100700,10070006,MBRFC
06214500,45.8001194,-108.4680306,10,1007,100700,10070007,MBRFC
06218500,43.57856415,-109.7598835,10,1008,100800,10080001,MBRFC
06221400,43.34616667,-109.4087778,10,1008,100800,10080001,MBRFC
06224000,43.1766111,-109.2025556,10,1008,100800,10080001,MBRFC
06225000,43.24245665,-109.0229052,10,1008,100800,10080001,MBRFC
06225500,43.2425,-109.0105556,10,1008,100800,10080001,MBRFC
06227600,43.14277778,-108.7088889,10,1008,100800,10080001,MBRFC
06228000,43.01051478,-108.3767701,10,1008,100800,10080001,MBRFC
06233000,42.7166259,-108.6434455,10,1008,100800,10080003,MBRFC
06235500,42.9975,-108.3754167,10,1008,100800,10080002,MBRFC
06253000,43.22191667,-108.2196944,10,1008,100800,10080005,MBRFC
06259000,43.4249575,-108.1789858,10,1008,100800,10080005,MBRFC
06274300,44.3832907,-108.0362117,10,1008,100800,10080007,MBRFC
06276500,44.15551,-108.877075,10,1008,100800,10080009,MBRFC
06278300,44.5080195,-107.4036886,10,1008,100800,10080010,MBRFC
06278500,44.56496097,-107.7128666,10,1008,100800,10080010,MBRFC
06279500,44.75856618,-108.1814972,10,1008,100800,10080010,MBRFC
06279940,44.46967158,-109.4304399,10,1008,100800,10080012,MBRFC
06280300,44.20788889,-109.55525,10,1008,100800,10080013,MBRFC
06281000,44.41911816,-109.2579293,10,1008,100800,10080013,MBRFC
06282000,44.5166196,-109.0979218,10,1008,100800,10080014,MBRFC
06285100,44.8385638,-108.4351186,10,1008,100800,10080014,MBRFC
06287000,45.31690278,-107.9188889,10,1008,100800,10080015,MBRFC
06289000,45.0071111,-107.6154083,10,1008,100800,10080016,MBRFC
06289600,44.9877441,-107.4828685,10,1008,100800,10080016,MBRFC
06289820,44.99052258,-107.4228665,10,1008,100800,10080016,MBRFC
06294500,46.1244722,-107.4687917,10,1008,100800,10080015,MBRFC
06295000,46.2666361,-106.6913028,10,1010,101000,10100001,MBRFC
06295113,45.36116667,-106.9903556,10,1010,101000,10100003,MBRFC
06298000,44.8494123,-107.3045253,10,1009,100901,10090101,MBRFC
06299980,44.9002493,-107.020905,10,1009,100901,10090101,MBRFC
06306250,44.98386286,-106.8397892,10,1009,100901,10090101,MBRFC
06306300,45.0091361,-106.8359444,10,1009,100901,10090101,MBRFC
06307500,45.141275,-106.7713556,10,1009,100901,10090101,MBRFC
06307600,45.29906389,-106.5081667,10,1009,100901,10090101,MBRFC
06307616,45.41160556,-106.4573528,10,1009,100901,10090102,MBRFC
06307740,45.58838889,-106.2550556,10,1009,100901,10090102,MBRFC
06308500,46.3845944,-105.8455222,10,1009,100901,10090102,MBRFC
06309000,46.4207722,-105.8600333,10,1010,101000,10100001,MBRFC
06309200,43.57773999,-107.1383995,10,1009,100902,10090201,MBRFC
06311000,44.02774228,-107.0808955,10,1009,100902,10090201,MBRFC
06311400,43.911357,-106.8894999,10,1009,100902,10090201,MBRFC
06313500,43.6970861,-106.3061944,10,1009,100902,10090202,MBRFC
06317000,44.64998226,-106.1275278,10,1009,100902,10090202,MBRFC
06317020,44.6324821,-106.0319671,10,1009,100902,10090202,MBRFC
06320000,44.4560828,-106.878945,10,1009,100902,10090206,MBRFC
06323000,44.53552818,-106.8222783,10,1009,100902,10090206,MBRFC
06324000,44.8716522,-106.0828016,10,1009,100902,10090206,MBRFC
06324500,45.0571972,-105.8783778,10,1009,100902,10090207,MBRFC
06327500,47.10076389,-104.7203167,10,1010,101000,10100004,MBRFC
06329500,47.67741389,-104.1554111,10,1010,101000,10100004,MBRFC
06342500,46.81416667,-100.8213889,10,1013,101301,10130101,MBRFC
06402430,43.58137177,-103.4765835,10,1012,101201,10120109,MBRFC
06407500,43.97871038,-103.3460469,10,1012,101201,10120109,MBRFC
06410500,44.08470785,-103.5804702,10,1012,101201,10120110,MBRFC
06411500,44.07665378,-103.482134,10,1012,101201,10120110,MBRFC
06412500,44.05276555,-103.3118507,10,1012,101201,10120110,MBRFC
06414000,44.08551554,-103.241843,10,1012,101201,10120110,MBRFC
06421500,43.94210239,-102.8539247,10,1012,101201,10120110,MBRFC
06422500,44.1443339,-103.4545385,10,1012,101201,10120111,MBRFC
06424000,44.2947073,-103.5968592,10,1012,101201,10120111,MBRFC
06429905,44.52026325,-104.0838239,10,1012,101202,10120203,MBRFC
06429997,44.5763739,-104.0560453,10,1012,101202,10120203,MBRFC
06430770,44.29921736,-103.8681641,10,1012,101202,10120203,MBRFC
06430850,44.3496865,-103.9359118,10,1012,101202,10120203,MBRFC
06431500,44.48248388,-103.861592,10,1012,101202,10120203,MBRFC
06433000,44.66720665,-103.8393696,10,1012,101202,10120203,MBRFC
06436000,44.6908178,-103.7376985,10,1012,101202,10120202,MBRFC
06436180,44.4422065,-103.6293606,10,1012,101202,10120202,MBRFC
06436190,44.54175655,-103.5719867,10,1012,101202,10120202,MBRFC
06436198,44.617485,-103.4807452,10,1012,101202,10120202,MBRFC
06437000,44.5130418,-103.1368464,10,1012,101202,10120202,MBRFC
06437020,44.3355403,-103.6354716,10,1012,101202,10120202,MBRFC
06438000,44.369989,-102.5665256,10,1012,101202,10120202,MBRFC
06438500,44.5294304,-101.9301531,10,1012,101201,10120112,MBRFC
06449000,43.1459166,-101.5128713,10,1014,101402,10140203,MBRFC
06449100,43.10069918,-101.232234,10,1014,101402,10140203,MBRFC
06449500,43.3255586,-100.8837556,10,1014,101402,10140203,MBRFC
06461500,42.9022222,-100.3622222,10,1015,101500,10150004,MBRFC
06470000,46.8897222,-98.6816667,10,1016,101600,10160003,MBRFC
06470500,46.35552489,-98.3045433,10,1016,101600,10160003,MBRFC
06470800,46.2252439,-98.0717676,10,1016,101600,10160003,MBRFC
06470878,45.9363579,-98.1742692,10,1016,101600,10160003,MBRFC
06471000,45.6035795,-98.3103756,10,1016,101600,10160003,MBRFC
06471200,45.93886156,-98.4526004,10,1016,101600,10160004,MBRFC
06471500,45.6560866,-98.4970402,10,1016,101600,10160004,MBRFC
06471800,45.51919906,-98.577541,10,1016,101600,10160003,MBRFC
06472000,45.24163936,-98.3914819,10,1016,101600,10160003,MBRFC
06473000,44.99830768,-98.480927,10,1016,101600,10160006,MBRFC
06475000,44.91053097,-98.4720386,10,1016,101600,10160006,MBRFC
06476000,44.36359475,-98.199257,10,1016,101600,10160006,MBRFC
06477000,43.9738721,-98.070916,10,1016,101600,10160011,MBRFC
06478000,43.65887165,-97.9192403,10,1016,101600,10160011,MBRFC
06478500,43.1858255,-97.635622,10,1016,101600,10160011,MBRFC
06478513,42.9958297,-97.3697806,10,1016,101600,10160011,MBRFC
06478600,43.44525895,-97.1097788,10,1017,101701,10170102,MBRFC
06478690,43.41562216,-97.2051972,10,1017,101701,10170102,MBRFC
06479010,42.8172187,-96.9242106,10,1017,101701,10170102,MBRFC
06479215,45.18079549,-97.1861904,10,1017,101702,10170202,MBRFC
06479438,45.0060753,-97.1650756,10,1017,101702,10170202,MBRFC
06479500,44.94246436,-97.1461856,10,1017,101702,10170202,MBRFC
06479525,44.7315478,-97.0446518,10,1017,101702,10170202,MBRFC
06479770,44.4675224,-96.8874204,10,1017,101702,10170202,MBRFC
06480000,44.1802473,-96.749496,10,1017,101702,10170203,MBRFC
06481000,43.79044595,-96.7456623,10,1017,101702,10170203,MBRFC
06481480,43.8481959,-96.8368313,10,1017,101702,10170203,MBRFC
06481500,43.53358676,-96.7908849,10,1017,101702,10170203,MBRFC
06482000,43.5010864,-96.748384,10,1017,101702,10170203,MBRFC
06482020,43.56700265,-96.7113274,10,1017,101702,10170203,MBRFC
06482610,43.61636276,-96.5653227,10,1017,101702,10170203,MBRFC
06483290,43.4229723,-96.1648872,10,1017,101702,10170204,MBRFC
06483500,43.2144259,-96.2944709,10,1017,101702,10170204,MBRFC
06485500,42.83752049,-96.5619219,10,1017,101702,10170203,MBRFC
06486000,42.4858276,-96.4139184,10,1023,102300,10230001,MBRFC
06600100,42.98193136,-96.0011289,10,1023,102300,10230002,MBRFC
06600500,42.5766596,-96.3114156,10,1023,102300,10230002,MBRFC
06601200,42.0072101,-96.241688,10,1023,102300,10230001,MBRFC
06610000,41.25888735,-95.9225138,10,1023,102300,10230006,MBRFC
06610732,41.30666465,-96.1041852,10,1023,102300,10230006,MBRFC
06620000,40.93663889,-106.3391944,10,1018,101800,10180001,MBRFC
06622700,41.3702447,-106.5205815,10,1018,101800,10180002,MBRFC
06623800,41.0235791,-106.824766,10,1018,101800,10180002,MBRFC
06625000,41.30329849,-106.7153129,10,1018,101800,10180002,MBRFC
06630000,41.87218127,-107.0575465,10,1018,101800,10180002,MBRFC
06632400,41.58524549,-106.2227908,10,1018,101800,10180004,MBRFC
06634620,41.96107644,-106.2091843,10,1018,101800,10180005,MBRFC
06635000,42.0096844,-106.513083,10,1018,101800,10180004,MBRFC
06639000,42.48995905,-107.1339449,10,1018,101800,10180006,MBRFC
06647500,42.61193835,-105.8596711,10,1018,101800,10180007,MBRFC
06652000,42.65249599,-105.1591434,10,1018,101800,10180008,MBRFC
06652800,42.4569134,-104.9477477,10,1018,101800,10180008,MBRFC
06657000,42.2410233,-104.6279601,10,1018,101800,10180009,MBRFC
06661585,41.5546955,-105.6833257,10,1018,101800,10180010,MBRFC
06664400,41.8441388,-105.2213685,10,1018,101800,10180011,MBRFC
06665790,41.91108235,-105.1271994,10,1018,101800,10180011,MBRFC
06670500,42.20052277,-104.5382908,10,1018,101800,10180011,MBRFC
06674500,41.9885755,-104.0532823,10,1018,101800,10180009,MBRFC
06700000,39.16276858,-105.3102732,10,1019,101900,10190002,MBRFC
06701900,39.25999025,-105.2219379,10,1019,101900,10190002,MBRFC
06710385,39.63316667,-105.3369444,10,1019,101900,10190002,MBRFC
06714800,39.68720955,-105.7002821,10,1019,101900,10190004,MBRFC
06715000,39.7519319,-105.661947,10,1019,101900,10190004,MBRFC
06716100,39.75887636,-105.6600025,10,1019,101900,10190004,MBRFC
06716500,39.7658209,-105.6261123,10,1019,101900,10190004,MBRFC
06718550,39.74887674,-105.3997159,10,1019,101900,10190004,MBRFC
06719505,39.75304299,-105.2352667,10,1019,101900,10190004,MBRFC
06730200,40.05165184,-105.1788754,10,1019,101900,10190005,MBRFC
06730500,40.13877778,-105.0202222,10,1019,101900,10190005,MBRFC
06741510,40.3785946,-105.0610909,10,1019,101900,10190006,MBRFC
06746110,40.5619264,-105.8639,10,1019,101900,10190007,MBRFC
06751150,40.87831637,-105.3380411,10,1019,101900,10190007,MBRFC
06751490,40.7874815,-105.2522047,10,1019,101900,10190007,MBRFC
06752260,40.5880833,-105.0692222,10,1019,101900,10190007,MBRFC
06752280,40.5519269,-105.011365,10,1019,101900,10190007,MBRFC
06759500,40.26840278,-103.8011917,10,1019,101900,10190012,MBRFC
06768000,40.6825,-99.5405556,10,1020,102001,10200101,MBRFC
06768020,40.70723067,-99.5598289,10,1020,102001,10200101,MBRFC
06768025,40.67888889,-99.4891667,10,1020,102001,10200101,MBRFC
06768035,40.6855652,-99.439268,10,1020,102001,10200101,MBRFC
06769000,40.7344535,-99.505937,10,1020,102001,10200101,MBRFC
06770200,40.65805556,-99.0861111,10,1020,102001,10200101,MBRFC
06770500,40.8744567,-98.2820044,10,1020,102001,10200101,MBRFC
06775500,41.83091667,-100.0995278,10,1021,102100,10210001,MBRFC
06775900,41.7786111,-100.5252778,10,1021,102100,10210002,MBRFC
06781600,41.42277778,-100.2033778,10,1021,102100,10210004,MBRFC
06784000,41.0325,-98.7405556,10,1021,102100,10210004,MBRFC
06785000,41.2035,-98.4461111,10,1021,102100,10210003,MBRFC
06785500,41.94166667,-99.8602778,10,1021,102100,10210006,MBRFC
06786000,41.77694444,-99.3791667,10,1021,102100,10210006,MBRFC
06790500,41.26334596,-98.449236,10,1021,102100,10210007,MBRFC
06792500,41.40916667,-97.7936111,10,1021,102100,10210009,MBRFC
06796000,41.45277778,-96.7755556,10,1020,102002,10200201,MBRFC
06796500,41.3199999,-96.4041914,10,1020,102002,10200202,MBRFC
06801000,41.0622222,-96.3247222,10,1020,102002,10200202,MBRFC
06805500,41.01527778,-96.1577778,10,1020,102002,10200202,MBRFC
06807000,40.681946,-95.846946,10,1024,102400,10240001,MBRFC
06813500,40.05363889,-95.4224167,10,1024,102400,10240005,MBRFC
06818000,39.75325,-94.8568333,10,1024,102400,10240011,MBRFC
06827000,39.67193827,-102.0135164,10,1025,102500,10250003,MBRFC
06893000,39.1117222,-94.5881389,10,1030,103001,10300101,MBRFC
06893890,39.02556175,-94.3438385,10,1030,103001,10300101,MBRFC
06895500,39.2150194,-93.5152118,10,1030,103001,10300101,MBRFC
06906500,39.2222512,-92.848798,10,1030,103001,10300102,MBRFC
06909000,38.980306,-92.7454638,10,1030,103001,10300102,MBRFC
06926000,38.19142184,-92.607407,10,1029,102901,10290111,MBRFC
06926510,38.42144444,-92.20825,10,1029,102901,10290111,MBRFC
06934500,38.70980556,-91.4385,10,1030,103002,10300200,MBRFC
06935965,38.7888611,-90.4707222,10,1030,103002,10300200,NCRFC
07010000,38.629,-90.1797778,07,0714,071401,07140101,NCRFC
07022000,37.2216,-89.462975,07,0714,071401,07140105,LMRFC
07067500,36.95094444,-90.9918611,11,1101,110100,11010008,LMRFC
07069190,36.49777778,-91.5355556,11,1101,110100,11010010,LMRFC
07071000,36.7866111,-91.3475278,11,1101,110100,11010011,LMRFC
07079300,39.2724892,-106.3064133,11,1102,110200,11020001,ABRFC
07081200,39.249,-106.3481111,11,1102,110200,11020001,ABRFC
07083000,39.17221259,-106.3891926,11,1102,110200,11020001,ABRFC
07091200,38.6522188,-106.051126,11,1102,110200,11020001,ABRFC
07094500,38.4872189,-105.373604,11,1102,110200,11020001,ABRFC
07099970,38.25361396,-104.6060854,11,1102,110200,11020002,ABRFC
07109500,38.24805799,-104.3991356,11,1102,110200,11020002,ABRFC
07121500,38.0030644,-103.6560588,11,1102,110200,11020005,ABRFC
07124000,38.0808399,-103.2196523,11,1102,110200,11020009,ABRFC
07130500,38.06639635,-102.9324228,11,1102,110200,11020009,ABRFC
07133000,38.10579167,-102.6182056,11,1102,110200,11020009,ABRFC
07134180,38.0955649,-102.3107453,11,1102,110200,11020009,ABRFC
07137500,38.0275129,-102.0115706,11,1103,110300,11030001,ABRFC
07138000,37.9661241,-101.7568387,11,1103,110300,11030001,ABRFC
07138020,37.930015,-101.5493371,11,1103,110300,11030001,ABRFC
07144780,37.8625129,-98.0139449,11,1103,110300,11030014,ABRFC
07157950,36.85197484,-99.315387,11,1105,110500,11050001,ABRFC
07194500,35.7695432,-95.2971867,11,1111,111101,11110102,ABRFC
07208500,36.37234444,-104.9692889,11,1108,110800,11080002,ABRFC
07249413,35.16565268,-94.6530016,11,1111,111101,11110105,ABRFC
07249455,35.3917577,-94.4324373,11,1111,111101,11110104,ABRFC
07346080,32.7386111,-94.2325,11,1114,111403,11140306,LMRFC
07367005,32.50027778,-92.1197222,08,0804,080402,08040207,LMRFC
07381482,31.06675,-91.6482778,08,0804,080403,08040301,LMRFC
07381490,30.9825,-91.7983333,08,0808,080801,08080101,LMRFC
08020450,32.47987044,-94.80438,12,1201,120100,12010002,WGRFC
08030500,30.30381684,-93.7437784,12,1201,120100,12010005,WGRFC
08095300,31.50933179,-97.365845,12,1206,120602,12060203,WGRFC
08095400,31.5557199,-97.3564004,12,1206,120602,12060203,WGRFC
08158700,30.08298924,-98.0077859,12,1209,120902,12090205,WGRFC
08159200,30.10466154,-97.3194368,12,1209,120903,12090301,WGRFC
08159500,30.01272074,-97.1619321,12,1209,120903,12090301,WGRFC
08160400,29.9124474,-96.9038699,12,1209,120903,12090301,WGRFC
08161000,29.7063454,-96.5369155,12,1209,120903,12090301,WGRFC
08178880,29.72383537,-99.070035,12,1210,121003,12100302,WGRFC
08188800,28.5058337,-96.8847084,12,1210,121002,12100204,WGRFC
08255500,36.9668611,-105.5071111,13,1302,130201,13020101,WGRFC
08263500,36.74001667,-105.6834417,13,1302,130201,13020101,WGRFC
08265000,36.7033111,-105.5684306,13,1302,130201,13020101,WGRFC
08266820,36.68283889,-105.6541222,13,1302,130201,13020101,WGRFC
08267500,36.5417972,-105.5565222,13,1302,130201,13020101,WGRFC
08269000,36.43944444,-105.5036111,13,1302,130201,13020101,WGRFC
08271000,36.50828889,-105.5309639,13,1302,130201,13020101,WGRFC
08275500,36.30310278,-105.5810028,13,1302,130201,13020101,WGRFC
08276300,36.3793333,-105.6678333,13,1302,130201,13020101,WGRFC
08276500,36.3200333,-105.7544444,13,1302,130201,13020101,WGRFC
08279000,36.21085556,-105.9136306,13,1302,130201,13020101,WGRFC
08279500,36.20555556,-105.9639722,13,1302,130201,13020101,WGRFC
08284100,36.6626583,-106.6333667,13,1302,130201,13020102,WGRFC
08289000,36.34974167,-106.0441861,13,1302,130201,13020102,WGRFC
08290000,36.07355556,-106.1116944,13,1302,130201,13020102,WGRFC
08313000,35.8745,-106.1424444,13,1302,130201,13020101,WGRFC
08378500,35.70835,-105.6827028,13,1306,130600,13060001,WGRFC
09022000,39.8458204,-105.7519507,14,1401,140100,14010001,CBRFC
09024000,39.89998695,-105.7766741,14,1401,140100,14010001,CBRFC
09025000,39.92026468,-105.7852857,14,1401,140100,14010001,CBRFC
09026500,39.90998657,-105.8783451,14,1401,140100,14010001,CBRFC
09032000,39.94998694,-105.7655627,14,1401,140100,14010001,CBRFC
09033300,40.00689167,-105.8482722,14,1401,140100,14010001,CBRFC
09034250,40.108319,-106.0041847,14,1401,140100,14010001,CBRFC
09034900,39.76026447,-105.9064014,14,1401,140100,14010001,CBRFC
09035700,39.79719444,-106.0256389,14,1401,140100,14010001,CBRFC
09036000,39.833875,-106.0564079,14,1401,140100,14010001,CBRFC
09037500,40.0002,-106.1803667,14,1401,140100,14010001,CBRFC
09038500,40.03592778,-106.2050139,14,1401,140100,14010001,CBRFC
09041090,40.2024844,-106.4225335,14,1401,140100,14010001,CBRFC
09041400,40.10859628,-106.4139212,14,1401,140100,14010001,CBRFC
09046490,39.45582067,-106.0316849,14,1401,140100,14010002,CBRFC
09046600,39.56665329,-106.0494632,14,1401,140100,14010002,CBRFC
09047700,39.59443117,-105.9725158,14,1401,140100,14010002,CBRFC
09050100,39.57526424,-106.1105765,14,1401,140100,14010002,CBRFC
09050700,39.625542,-106.0664082,14,1401,140100,14010002,CBRFC
09051050,39.6397087,-106.040296,14,1401,140100,14010002,CBRFC
09057500,39.88026354,-106.3339175,14,1401,140100,14010002,CBRFC
09058000,40.03665248,-106.4400324,14,1401,140100,14010001,CBRFC
09061600,39.4102654,-106.2497468,14,1401,140100,14010003,CBRFC
09063000,39.50831949,-106.3666948,14,1401,140100,14010003,CBRFC
09063900,NA,NA,NA,NA,NA,NA,NA
09064000,39.4055426,-106.433362,14,1401,140100,14010003,CBRFC
09064600,39.55387495,-106.402529,14,1401,140100,14010003,CBRFC
09065100,39.56829167,-106.4124306,14,1401,140100,14010003,CBRFC
09065500,39.6258193,-106.2780823,14,1401,140100,14010003,CBRFC
09066200,39.64831927,-106.3230833,14,1401,140100,14010003,CBRFC
09066300,39.6458193,-106.3822512,14,1401,140100,14010003,CBRFC
09066325,39.6410971,-106.3947515,14,1401,140100,14010003,CBRFC
09066510,39.60943048,-106.447808,14,1401,140100,14010003,CBRFC
09067000,39.62970826,-106.5228096,14,1401,140100,14010003,CBRFC
09067020,39.6348611,-106.5319444,14,1401,140100,14010003,CBRFC
09067200,39.647486,-106.6092003,14,1401,140100,14010003,CBRFC
09070000,39.64942954,-106.9536554,14,1401,140100,14010003,CBRFC
09070500,39.6446111,-107.0780139,14,1401,140100,14010001,CBRFC
09073300,39.14109959,-106.7742039,14,1401,140100,14010004,CBRFC
09073400,39.17998755,-106.8019826,14,1401,140100,14010004,CBRFC
09074000,39.20582037,-106.797538,14,1401,140100,14010004,CBRFC
09074500,39.19688889,-106.8189167,14,1401,140100,14010004,CBRFC
09080400,39.36554075,-106.8255948,14,1401,140100,14010004,CBRFC
09081000,39.37331729,-107.0839367,14,1401,140100,14010004,CBRFC
09081600,39.23263889,-107.2275,14,1401,140100,14010004,CBRFC
09085000,39.54359307,-107.3294984,14,1401,140100,14010004,CBRFC
09085100,39.5549819,-107.337554,14,1401,140100,14010005,CBRFC
09095500,39.2391463,-108.2661946,14,1401,140100,14010005,CBRFC
09105000,39.1836111,-108.2683333,14,1401,140100,14010005,CBRFC
09106150,39.09859226,-108.355086,14,1401,140100,14010005,CBRFC
09107000,38.86027127,-106.5666966,14,1402,140200,14020001,CBRFC
09109000,38.8183269,-106.6091977,14,1402,140200,14020001,CBRFC
09110000,38.66443715,-106.8453172,14,1402,140200,14020001,CBRFC
09112200,38.7841599,-106.8708736,14,1402,140200,14020001,CBRFC
09112500,38.66443715,-106.848095,14,1402,140200,14020001,CBRFC
09113980,38.5877696,-106.931432,14,1402,140200,14020002,CBRFC
09114500,38.54193567,-106.9497661,14,1402,140200,14020002,CBRFC
09115500,38.39502778,-106.422625,14,1402,140200,14020003,CBRFC
09118450,38.3372222,-106.7736111,14,1402,140200,14020003,CBRFC
09119000,38.5211111,-106.9409583,14,1402,140200,14020003,CBRFC
09124500,38.2988834,-107.2300557,14,1402,140200,14020002,CBRFC
09126000,38.25819444,-107.5461111,14,1402,140200,14020002,CBRFC
09127000,38.44694444,-107.5552222,14,1402,140200,14020002,CBRFC
09132500,38.9258228,-107.4342211,14,1402,140200,14020004,CBRFC
09136100,38.78516667,-107.8334167,14,1402,140200,14020004,CBRFC
09143000,38.9847034,-107.8545077,14,1402,140200,14020005,CBRFC
09143500,38.9016487,-107.921176,14,1402,140200,14020005,CBRFC
09144250,38.75303944,-108.078403,14,1402,140200,14020005,CBRFC
09146020,38.04332665,-107.6831154,14,1402,140200,14020006,CBRFC
09146200,38.1838791,-107.7458924,14,1402,140200,14020006,CBRFC
09147000,38.17776806,-107.7583927,14,1402,140200,14020006,CBRFC
09147025,38.24055556,-107.7603056,14,1402,140200,14020006,CBRFC
09147500,38.33143056,-107.779225,14,1402,140200,14020006,CBRFC
09149500,38.74194444,-108.0804167,14,1402,140200,14020006,CBRFC
09152500,38.98331575,-108.4506446,14,1402,140200,14020005,CBRFC
09163500,39.13276047,-109.0270546,14,1401,140100,14010005,CBRFC
09165000,37.63888428,-108.0603517,14,1403,140300,14030002,CBRFC
09166500,37.47249296,-108.4975908,14,1403,140300,14030002,CBRFC
09166950,37.44610459,-108.4692562,14,1403,140300,14030002,CBRFC
09168730,38.04443666,-108.905382,14,1403,140300,14030002,CBRFC
09169500,38.3102675,-108.8853805,14,1403,140300,14030002,CBRFC
09171100,38.3569337,-108.8334347,14,1403,140300,14030002,CBRFC
09172500,38.0425,-108.1333333,14,1403,140300,14030003,CBRFC
09174600,38.2441571,-108.5020343,14,1403,140300,14030003,CBRFC
09177000,38.35721157,-108.712875,14,1403,140300,14030003,CBRFC
09180000,38.79720805,-109.1951142,14,1403,140300,14030004,CBRFC
09180500,38.81054095,-109.2934493,14,1403,140300,14030005,CBRFC
09182400,38.6738712,-109.4501174,14,1403,140300,14030005,CBRFC
09183600,38.48571796,-109.4111044,14,1403,140300,14030005,CBRFC
09188500,43.01941667,-110.1186111,14,1404,140401,14040101,CBRFC
09196500,43.02705556,-109.7735278,14,1404,140401,14040102,CBRFC
09205000,42.56716598,-109.930151,14,1404,140401,14040102,CBRFC
09209400,42.19272157,-110.163214,14,1404,140401,14040101,CBRFC
09210500,42.09580556,-110.4160833,14,1404,140401,14040101,CBRFC
09211200,42.0209722,-110.0498056,14,1404,140401,14040103,CBRFC
09217000,41.51635366,-109.4490234,14,1404,140401,14040106,CBRFC
09217900,40.95902778,-110.5797222,14,1404,140401,14040107,CBRFC
09220000,41.0538611,-110.3986389,14,1404,140401,14040107,CBRFC
09224700,41.54607224,-109.6934746,14,1404,140401,14040107,CBRFC
09229500,41.011,-109.6735,14,1404,140401,14040106,CBRFC
09234500,40.90829296,-109.422914,14,1404,140401,14040106,CBRFC
09237450,40.2642611,-106.8917667,14,1405,140500,14050001,CBRFC
09238900,40.4749775,-106.7869926,14,1405,140500,14050001,CBRFC
09239500,40.4829861,-106.8324306,14,1405,140500,14050001,CBRFC
09244490,40.51793056,-107.3989444,14,1405,140500,14050001,CBRFC
09246200,40.59163879,-107.3208933,14,1405,140500,14050001,CBRFC
09246500,40.5310829,-107.4361735,14,1405,140500,14050001,CBRFC
09247600,40.48080479,-107.6142338,14,1405,140500,14050001,CBRFC
09251000,40.50274666,-108.0334152,14,1405,140500,14050002,CBRFC
09253000,40.99941048,-107.143388,14,1405,140500,14050003,CBRFC
09255000,40.9824657,-107.3828391,14,1405,140500,14050003,CBRFC
09258050,41.4783333,-107.6025,14,1405,140500,14050004,CBRFC
09258980,41.06815856,-107.6315964,14,1405,140500,14050004,CBRFC
09260000,40.54901667,-108.4243222,14,1405,140500,14050003,CBRFC
09260050,40.45163387,-108.525101,14,1405,140500,14050002,CBRFC
09261000,40.40940757,-109.2354043,14,1406,140600,14060001,CBRFC
09261700,40.58884837,-109.4654138,14,1406,140600,14060002,CBRFC
09266500,40.57745816,-109.6220859,14,1406,140600,14060002,CBRFC
09272400,40.084686,-109.676805,14,1406,140600,14060001,CBRFC
09277500,40.30023027,-110.602381,14,1406,140600,14060003,CBRFC
09279000,40.4932799,-110.5782169,14,1406,140600,14060003,CBRFC
09285900,40.1271783,-110.7418242,14,1406,140600,14060004,CBRFC
09288000,40.20023128,-110.9076623,14,1406,140600,14060004,CBRFC
09288180,40.1546793,-110.5548785,14,1406,140600,14060004,CBRFC
09289500,40.6066125,-110.5271066,14,1406,140600,14060003,CBRFC
09291000,40.55633555,-110.4846056,14,1406,140600,14060003,CBRFC
09292000,40.5463369,-110.333771,14,1406,140600,14060003,CBRFC
09292500,40.51189299,-110.3415491,14,1406,140600,14060003,CBRFC
09295000,40.20023757,-110.0637613,14,1406,140600,14060003,CBRFC
09295100,40.2066278,-109.8598673,14,1406,140600,14060003,CBRFC
09296800,40.5913396,-110.1143226,14,1406,140600,14060003,CBRFC
09299500,40.5935653,-109.9323739,14,1406,140600,14060003,CBRFC
09301500,40.23357228,-109.8037549,14,1406,140600,14060003,CBRFC
09302000,40.21027778,-109.7813889,14,1406,140600,14060003,CBRFC
09304200,40.00497428,-107.8253486,14,1405,140500,14050005,CBRFC
09304500,40.0335849,-107.8622946,14,1405,140500,14050005,CBRFC
09304800,40.0225833,-108.1199444,14,1405,140500,14050005,CBRFC
09306200,39.9210833,-108.2975876,14,1405,140500,14050006,CBRFC
09306222,40.0780264,-108.2364753,14,1405,140500,14050006,CBRFC
09306242,39.9202502,-108.4728719,14,1405,140500,14050006,CBRFC
09306290,40.17969335,-108.5653775,14,1405,140500,14050007,CBRFC
09306500,39.97885629,-109.1787269,14,1405,140500,14050007,CBRFC
09310500,39.77440566,-111.191006,14,1406,140600,14060007,CBRFC
09310700,39.7216289,-111.1612827,14,1406,140600,14060007,CBRFC
09312600,39.8757928,-111.0373878,14,1406,140600,14060007,CBRFC
09314500,39.26444444,-110.3427778,14,1406,140600,14060007,CBRFC
09315000,38.9860831,-110.1512475,14,1406,140600,14060008,CBRFC
09326500,39.10413724,-111.2165589,14,1406,140600,14060009,CBRFC
09328500,38.8583081,-110.3701469,14,1406,140600,14060009,CBRFC
09329050,38.62775234,-111.6479647,14,1407,140700,14070003,CBRFC
09330500,38.9832222,-111.25,14,1407,140700,14070002,CBRFC
09342500,37.26552778,-107.011,14,1408,140801,14080101,CBRFC
09346400,37.01361667,-107.312267,14,1408,140801,14080101,CBRFC
09349800,37.08833797,-107.397826,14,1408,140801,14080102,CBRFC
09352900,37.47750126,-107.5436688,14,1408,140801,14080101,CBRFC
09353800,37.1661111,-107.5825,14,1408,140801,14080101,CBRFC
09354500,37.0094484,-107.5994997,14,1408,140801,14080101,CBRFC
09355500,36.80188889,-107.6986389,14,1408,140801,14080101,CBRFC
09358000,37.8111077,-107.6592278,14,1408,140801,14080104,CBRFC
09358550,37.8197187,-107.6636723,14,1408,140801,14080104,CBRFC
09359010,37.8027744,-107.6728392,14,1408,140801,14080104,CBRFC
09359020,37.7902746,-107.6675614,14,1408,140801,14080104,CBRFC
09359500,37.5702766,-107.7806204,14,1408,140801,14080104,CBRFC
09361500,37.2791688,-107.8803445,14,1408,140801,14080104,CBRFC
09362520,37.24926389,-107.8725833,14,1408,140801,14080104,CBRFC
09363500,37.03656944,-107.8753333,14,1408,140801,14080104,CBRFC
09364010,36.8178611,-108.0244444,14,1408,140801,14080104,CBRFC
09364500,36.7225,-108.20175,14,1408,140801,14080104,CBRFC
09365000,36.72301667,-108.2255889,14,1408,140801,14080105,CBRFC
09367000,36.93091667,-108.1846389,14,1408,140801,14080105,CBRFC
09368000,36.77666667,-108.6830556,14,1408,140801,14080105,CBRFC
09370600,37.2524964,-108.3578618,14,1408,140801,14080107,CBRFC
09371000,37.02749425,-108.7414838,14,1408,140801,14080107,CBRFC
09371010,37.00113889,-109.0295833,14,1408,140802,14080201,CBRFC
09371492,37.3127716,-108.6612067,14,1408,140802,14080202,CBRFC
09371520,37.3266601,-108.7006527,14,1408,140802,14080202,CBRFC
09372000,37.32415968,-109.015666,14,1408,140802,14080202,CBRFC
09378170,37.8466608,-109.3695625,14,1408,140802,14080203,CBRFC
09378630,37.7555504,-109.476511,14,1408,140802,14080201,CBRFC
09379500,37.1469461,-109.864844,14,1408,140802,14080205,CBRFC
09404450,37.3394272,-112.6043769,15,1501,150100,15010008,CBRFC
09405500,37.2097046,-112.9785512,15,1501,150100,15010008,CBRFC
09406000,37.2041494,-113.1807789,15,1501,150100,15010008,CBRFC
09406100,37.1969272,-113.285226,15,1501,150100,15010008,CBRFC
09408135,37.19248238,-113.3532832,15,1501,150100,15010008,CBRFC
09408150,37.16276007,-113.3952285,15,1501,150100,15010008,CBRFC
09408400,37.38331325,-113.483288,15,1501,150100,15010008,CBRFC
09409100,37.38470108,-113.6319052,15,1501,150100,15010008,CBRFC
09413200,37.07,-113.5838889,15,1501,150100,15010010,CBRFC
09413500,37.0144243,-113.6805163,15,1501,150100,15010010,CBRFC
09413700,36.9210892,-113.8319086,15,1501,150100,15010010,CBRFC
09413900,37.46997485,-114.0466458,15,1501,150100,15010010,CBRFC
09415000,36.8916437,-113.9244098,15,1501,150100,15010010,CBRFC
09415250,36.5160875,-114.3349747,15,1501,150100,15010010,CBRFC
09415460,38.93521559,-115.2983582,15,1501,150100,15010011,CBRFC
09474000,33.1028404,-110.9765014,15,1505,150501,15050100,CBRFC
09504420,34.86168418,-111.7618227,15,1506,150602,15060202,CBRFC
09504500,34.76446436,-111.8909885,15,1506,150602,15060202,CBRFC
09505200,34.67474409,-111.672094,15,1506,150602,15060202,CBRFC
09505350,34.72863146,-111.775708,15,1506,150602,15060202,CBRFC
09505800,34.53863606,-111.6940356,15,1506,150602,15060203,CBRFC
09506000,34.4483605,-111.7898705,15,1506,150602,15060203,CBRFC
09507480,34.39430556,-111.63,15,1506,150602,15060203,CBRFC
10011500,40.9652254,-110.8535079,16,1601,160101,16010101,CBRFC
10016900,41.2698611,-110.9636944,16,1601,160101,16010101,CBRFC
10020100,41.4343899,-111.0176863,16,1601,160101,16010101,CBRFC
10020300,41.505501,-111.0146317,16,1601,160101,16010101,CBRFC
10023000,41.60994177,-111.2540876,16,1601,160101,16010101,CBRFC
10028500,41.93882917,-110.9854662,16,1601,160101,16010102,CBRFC
10032000,42.2932662,-110.8724064,16,1601,160101,16010102,CBRFC
10038000,42.1266021,-110.973243,16,1601,160101,16010102,CBRFC
10039500,42.21104338,-111.0538022,16,1601,160101,16010102,CBRFC
10068500,42.4015929,-111.356875,16,1601,160102,16010201,CBRFC
10092700,42.0129808,-111.92134,16,1601,160102,16010202,CBRFC
10105900,41.5754898,-111.8552203,16,1601,160102,16010203,CBRFC
10109000,41.74326439,-111.78272,16,1601,160102,16010203,CBRFC
10113500,41.6235452,-111.7388286,16,1601,160102,16010203,CBRFC
10126000,41.5763213,-112.100782,16,1601,160102,16010204,CBRFC
10128500,40.7371721,-111.2479652,16,1602,160201,16020101,CBRFC
10129500,40.79272607,-111.404918,16,1602,160201,16020101,CBRFC
10129900,40.73522634,-111.4760313,16,1602,160201,16020101,CBRFC
10130500,40.89522527,-111.4018633,16,1602,160201,16020101,CBRFC
10131000,40.92050285,-111.4015858,16,1602,160201,16020101,CBRFC
10132000,40.9677245,-111.437699,16,1602,160201,16020101,CBRFC
10132500,41.17633275,-111.406309,16,1602,160201,16020101,CBRFC
10133600,40.68744954,-111.533532,16,1602,160201,16020101,CBRFC
10133650,40.7238375,-111.5196438,16,1602,160201,16020102,CBRFC
10133800,40.75966979,-111.5640912,16,1602,160201,16020102,CBRFC
10133980,40.87078006,-111.5852044,16,1602,160201,16020102,CBRFC
10134500,40.92244629,-111.6071504,16,1602,160201,16020102,CBRFC
10136500,41.1368878,-111.8324384,16,1602,160201,16020102,CBRFC
10137500,41.26855226,-111.6741004,16,1602,160201,16020102,CBRFC
10140100,41.254387,-111.8557727,16,1602,160201,16020102,CBRFC
10141000,41.2782765,-112.0918866,16,1602,160201,16020102,CBRFC
10145400,39.7171797,-111.7335396,16,1602,160202,16020201,CBRFC
10146400,39.80245444,-111.8629909,16,1602,160202,16020201,CBRFC
10149000,40.11801206,-111.3146215,16,1602,160202,16020202,CBRFC
10149400,40.07634537,-111.383237,16,1602,160202,16020202,CBRFC
10150500,40.0496781,-111.5479705,16,1602,160202,16020202,CBRFC
10153100,40.1788719,-111.639338,16,1602,160202,16020202,CBRFC
10154200,40.5577278,-111.1687838,16,1602,160202,16020203,CBRFC
10155000,40.60078555,-111.331572,16,1602,160202,16020203,CBRFC
10155200,40.55439805,-111.4332426,16,1602,160202,16020203,CBRFC
10155500,40.4841221,-111.4635198,16,1602,160202,16020203,CBRFC
10156000,40.4852332,-111.4671312,16,1602,160202,16020203,CBRFC
10157500,40.46078909,-111.472687,16,1602,160202,16020203,CBRFC
10163000,40.2377318,-111.69937,16,1602,160202,16020203,CBRFC
10164500,40.4477297,-111.6821472,16,1602,160202,16020201,CBRFC
10166430,40.40522565,-112.1004959,16,1602,160202,16020201,CBRFC
10168000,40.663836,-111.9018802,16,1602,160202,16020204,CBRFC
10172727,40.16050085,-112.4310639,16,1602,160203,16020304,CBRFC
10172800,40.49633109,-112.5744028,16,1602,160203,16020304,CBRFC
10172870,39.74410784,-113.8899945,16,1602,160203,16020306,CBRFC
10172952,41.85853036,-113.3272192,16,1602,160203,16020308,CBRFC
10173450,37.6227572,-112.5168773,16,1603,160300,16030001,CBRFC
10174500,37.65109086,-112.4302069,16,1603,160300,16030001,CBRFC
10183500,38.20609038,-112.2077024,16,1603,160300,16030001,CBRFC
10189000,38.19636955,-112.1477005,16,1603,160300,16030002,CBRFC
10194200,38.5794169,-112.2885399,16,1603,160300,16030003,CBRFC
10205030,38.9119141,-111.5304654,16,1603,160300,16030003,CBRFC
10215900,39.25912877,-111.579916,16,1603,160300,16030004,CBRFC
10217000,39.1552387,-111.877705,16,1603,160300,16030003,CBRFC
10219000,39.37468029,-112.0396557,16,1603,160300,16030005,CBRFC
10224000,39.48189754,-112.3938338,16,1603,160300,16030005,CBRFC
10234500,38.2805264,-112.5682713,16,1603,160300,16030007,CBRFC
10242000,37.67219924,-113.0346702,16,1603,160300,16030006,CBRFC
10243260,39.0116129,-114.2144392,16,1602,160203,16020301,CBRFC
10243700,39.21657778,-114.5296389,16,1606,160600,16060008,CNRFC
10244950,39.20153889,-114.689161,16,1606,160600,16060008,CNRFC
10245970,39.78977778,-116.3009444,16,1606,160600,16060005,CNRFC
10249280,39.2124291,-117.1134216,16,1606,160600,16060004,CNRFC
10258000,33.80501929,-116.5591816,18,1810,181002,18100200,CNRFC
10265150,37.66882166,-118.8176312,18,1809,180901,18090102,CNRFC
10293000,38.3276958,-119.2148759,16,1605,160503,16050301,CNRFC
10293050,38.44074975,-119.1059819,16,1605,160503,16050301,CNRFC
10293500,38.81371389,-119.0479917,16,1605,160503,16050303,CNRFC
10296000,38.3796366,-119.4501649,16,1605,160503,16050302,CNRFC
10296500,38.51324495,-119.4498872,16,1605,160503,16050302,CNRFC
10297500,38.72806389,-119.427861,16,1605,160503,16050302,CNRFC
10299100,38.6485235,-119.3259925,16,1605,160503,16050302,CNRFC
10300000,38.8096366,-119.227377,16,1605,160503,16050302,CNRFC
10300600,38.9194472,-119.1901722,16,1605,160503,16050303,CNRFC
10301120,39.04827778,-119.1330556,16,1605,160503,16050303,CNRFC
10301500,39.1524611,-119.0988889,16,1605,160503,16050303,CNRFC
10301600,39.1032533,-118.929317,16,1605,160503,16050303,CNRFC
10301745,39.01353135,-118.8609803,16,1605,160503,16050303,CNRFC
10302025,38.79103038,-118.727085,16,1605,160503,16050304,CNRFC
10308200,38.7146274,-119.7648985,16,1605,160502,16050201,CNRFC
10308789,38.7168505,-119.6601726,16,1605,160502,16050201,CNRFC
103087891,38.7086111,-119.648611,16,1605,160502,16050201,CNRFC
10308794,38.73573925,-119.6454497,16,1605,160502,16050201,CNRFC
10308800,38.79379494,-119.672673,16,1605,160502,16050201,CNRFC
10309000,38.84519444,-119.7060833,16,1605,160502,16050201,CNRFC
10310000,38.76962765,-119.833789,16,1605,160502,16050201,CNRFC
10310500,39.11324216,-119.7982365,16,1605,160502,16050201,CNRFC
10311000,39.10768747,-119.7132334,16,1605,160502,16050201,CNRFC
10311200,39.17629816,-119.805738,16,1605,160502,16050201,CNRFC
10311400,39.18137778,-119.6948694,16,1605,160502,16050202,CNRFC
10312000,39.29166667,-119.311111,16,1605,160502,16050202,CNRFC
10312150,39.4639361,-119.0462583,16,1605,160502,16050203,CNRFC
10312275,39.55880594,-118.7259842,16,1605,160502,16050203,CNRFC
10315500,41.2526961,-115.2564468,16,1604,160401,16040101,CNRFC
10316500,40.69076057,-115.477003,16,1604,160401,16040101,CNRFC
10317500,41.17875278,-115.492575,16,1604,160401,16040102,CNRFC
10318500,40.93655556,-115.6241667,16,1604,160401,16040101,CNRFC
10319900,40.6274972,-115.7305222,16,1604,160401,16040103,CNRFC
10320000,40.6849236,-115.8134002,16,1604,160401,16040103,CNRFC
10321000,40.72769715,-116.009242,16,1604,160401,16040101,CNRFC
10321590,40.72602928,-116.0778547,16,1604,160401,16040101,CNRFC
10321940,40.8249142,-116.2234155,16,1604,160401,16040101,CNRFC
10321950,40.80324824,-116.2000813,16,1604,160401,16040101,CNRFC
10322000,40.71624444,-116.093575,16,1604,160401,16040101,CNRFC
10322150,40.710473,-116.1259112,16,1604,160401,16040101,CNRFC
10322500,40.60741747,-116.2017444,16,1604,160401,16040101,CNRFC
10322535,39.869,-116.1669444,16,1604,160401,16040104,CNRFC
10322555,39.89030556,-116.3782778,16,1604,160401,16040104,CNRFC
10323425,40.7054675,-116.5309216,16,1604,160401,16040105,CNRFC
10324500,40.83040556,-116.5883417,16,1604,160401,16040106,CNRFC
10325000,40.6676885,-116.9312118,16,1604,160401,16040105,CNRFC
10327500,40.99212549,-117.3176168,16,1604,160401,16040105,CNRFC
10329000,41.4158222,-117.373511,16,1604,160401,16040109,CNRFC
10329500,41.5346175,-117.4179047,16,1604,160401,16040109,CNRFC
10333000,40.6924048,-118.204312,16,1604,160401,16040108,CNRFC
10335000,40.4674063,-118.3076469,16,1604,160401,16040108,CNRFC
103366092,38.8485185,-120.0271275,16,1605,160501,16050101,CNRFC
10336610,38.9224078,-119.9915706,16,1605,160501,16050101,CNRFC
10336645,39.05185197,-120.1185209,16,1605,160501,16050101,CNRFC
10336660,39.10740708,-120.1621352,16,1605,160501,16050101,CNRFC
10336676,39.1321292,-120.1576913,16,1605,160501,16050101,CNRFC
10336698,39.24046325,-119.9465774,16,1605,160501,16050101,CNRFC
10336700,39.2401855,-119.9449106,16,1605,160501,16050101,CNRFC
10336730,39.08740806,-119.9399057,16,1605,160501,16050101,CNRFC
10336780,38.9199077,-119.9724036,16,1605,160501,16050101,CNRFC
10337500,39.16629577,-120.1443586,16,1605,160501,16050102,CNRFC
10338000,39.2962952,-120.2054752,16,1605,160501,16050102,CNRFC
10338700,39.32101739,-120.2079759,16,1605,160501,16050102,CNRFC
10343500,39.43157246,-120.2379793,16,1605,160501,16050102,CNRFC
10344400,39.43574106,-120.084366,16,1605,160501,16050102,CNRFC
10344500,39.38685177,-120.0954757,16,1605,160501,16050102,CNRFC
10344505,39.38518517,-120.0876977,16,1605,160501,16050102,CNRFC
10346000,39.42796385,-120.0340873,16,1605,160501,16050102,CNRFC
10347310,39.5243537,-119.9954782,16,1605,160501,16050102,CNRFC
10347460,39.50713218,-119.931864,16,1605,160501,16050102,CNRFC
10347600,39.4951111,-119.8945,16,1605,160501,16050102,CNRFC
10348000,39.53018865,-119.7954684,16,1605,160501,16050102,CNRFC
10348200,39.51761667,-119.7416444,16,1605,160501,16050102,CNRFC
10348460,39.20227778,-119.8710833,16,1605,160501,16050102,CNRFC
10349300,39.3771333,-119.7436583,16,1605,160501,16050102,CNRFC
10349849,39.4657449,-119.7285199,16,1605,160501,16050102,CNRFC
10349980,39.5129672,-119.712409,16,1605,160501,16050102,CNRFC
10350000,39.5204672,-119.7010198,16,1605,160501,16050102,CNRFC
10350340,39.55657878,-119.5532362,16,1605,160501,16050102,CNRFC
10351600,39.58463448,-119.4412872,16,1605,160501,16050102,CNRFC
10351650,39.63213447,-119.2832254,16,1605,160501,16050103,CNRFC
10351700,39.7773722,-119.3375222,16,1605,160501,16050103,CNRFC
10352500,41.9665572,-117.831812,16,1604,160402,16040201,CNRFC
10396000,42.7908333,-118.8675,17,1712,171200,17120003,NWRFC
11016200,32.77416667,-116.8502778,18,1807,180703,18070304,CNRFC
11189500,35.7374516,-118.173689,18,1803,180300,18030002,CNRFC
11200800,35.94161745,-118.8228702,18,1803,180300,18030005,CNRFC
11203580,36.04828125,-118.6542556,18,1803,180300,18030006,CNRFC
11204100,36.02411648,-118.8134258,18,1803,180300,18030006,CNRFC
11224000,37.63194444,-119.0863889,18,1804,180400,18040006,CNRFC
11264500,37.73131496,-119.5590514,18,1804,180400,18040008,CNRFC
11266500,37.71687138,-119.6662788,18,1804,180400,18040008,CNRFC
11273400,37.3472151,-120.9761777,18,1804,180400,18040002,CNRFC
11274000,37.3504928,-120.97715,18,1804,180400,18040002,CNRFC
11274790,37.9165884,-119.6598938,18,1804,180400,18040009,CNRFC
11276500,37.93742147,-119.7982326,18,1804,180400,18040009,CNRFC
11276600,37.87936848,-119.947126,18,1804,180400,18040009,CNRFC
11277300,37.96769944,-119.9174029,18,1804,180400,18040009,CNRFC
11278000,37.969088,-119.882124,18,1804,180400,18040009,CNRFC
11278300,37.89436824,-119.962682,18,1804,180400,18040009,CNRFC
11278400,37.8902017,-119.9699046,18,1804,180400,18040009,CNRFC
11335000,38.50018619,-121.0452212,18,1804,180400,18040013,CNRFC
11342000,40.93959397,-122.4172351,18,1802,180200,18020005,CNRFC
11345500,41.2307286,-120.4371726,18,1802,180200,18020002,CNRFC
11348500,41.40600116,-120.9277458,18,1802,180200,18020002,CNRFC
11355010,40.9832178,-121.511927,18,1802,180200,18020003,CNRFC
11361000,41.01738285,-121.6541539,18,1802,180200,18020003,CNRFC
11370500,40.6009835,-122.4444553,18,1802,180201,18020101,CNRFC
11381500,40.0546022,-122.0241541,18,1802,180201,18020103,CNRFC
11383500,40.01404745,-121.9483181,18,1802,180201,18020103,CNRFC
11389500,39.2140566,-122.0002508,18,1802,180201,18020104,CNRFC
11390000,39.72599524,-121.7088643,18,1802,180201,18020105,CNRFC
11390500,39.00989476,-121.82469,18,1802,180201,18020104,CNRFC
11401920,39.9458333,-120.9425,18,1802,180201,18020122,CNRFC
11402000,40.002947,-120.9543994,18,1802,180201,18020122,CNRFC
11413000,39.5248937,-120.9380068,18,1802,180201,18020125,CNRFC
11418500,39.22433764,-121.2685697,18,1802,180201,18020125,CNRFC
11421000,39.1757251,-121.5249647,18,1802,180201,18020107,CNRFC
11424000,39.0001727,-121.4066238,18,1802,180201,18020108,CNRFC
11425500,38.77434584,-121.5982928,18,1802,180201,18020109,CNRFC
11427000,38.93600919,-121.023833,18,1802,180201,18020128,CNRFC
11446500,38.6354601,-121.2277262,18,1802,180201,18020111,CNRFC
11447650,38.45601954,-121.5013437,18,1802,180201,18020109,CNRFC
11447830,38.32916667,-121.5791667,18,1802,180201,18020109,CNRFC
11447850,38.2847222,-121.5866667,18,1802,180201,18020109,CNRFC
11447890,38.25769218,-121.5182865,18,1802,180201,18020108,CNRFC
11451000,38.9240648,-122.5658147,18,1802,180201,18020116,CNRFC
11463200,38.8260167,-122.9969442,18,1801,180101,18010110,CNRFC
11463682,38.65824247,-122.8294376,18,1801,180101,18010110,CNRFC
11463980,38.6329653,-122.8555494,18,1801,180101,18010110,CNRFC
11464000,38.61324316,-122.8363818,18,1801,180101,18010110,CNRFC
11465200,38.698521,-122.9580539,18,1801,180101,18010110,CNRFC
11465350,38.58741046,-122.8622159,18,1801,180101,18010110,CNRFC
11503000,42.8715179,-122.168917,18,1801,180102,18010203,CNRFC
11507500,42.22347795,-121.7941708,18,1801,180102,18010204,CNRFC
11509500,42.13319946,-121.9622313,18,1801,180102,18010206,CNRFC
11516530,41.92791865,-122.4441882,18,1801,180102,18010206,CNRFC
11517000,41.70903196,-122.5380787,18,1801,180102,18010207,CNRFC
11517500,41.8229179,-122.5955813,18,1801,180102,18010207,CNRFC
11519500,41.64069017,-123.015037,18,1801,180102,18010208,CNRFC
11520500,41.8537379,-123.2322733,18,1801,180102,18010206,CNRFC
11521500,41.83512325,-123.3831113,18,1801,180102,18010209,CNRFC
11522500,41.3765154,-123.4770026,18,1801,180102,18010210,CNRFC
11523000,41.3034599,-123.5345036,18,1801,180102,18010209,CNRFC
11523200,41.1112571,-122.7055788,18,1801,180102,18010211,CNRFC
11525500,40.7247222,-122.801111,18,1801,180102,18010211,CNRFC
11525530,40.7245899,-122.8347458,18,1801,180102,18010211,CNRFC
11525630,40.68653456,-122.8611348,18,1801,180102,18010211,CNRFC
11525655,40.6726453,-122.9205805,18,1801,180102,18010211,CNRFC
11525670,40.65181225,-122.9144689,18,1801,180102,18010211,CNRFC
11525854,40.64527778,-122.9566667,18,1801,180102,18010211,CNRFC
11526250,40.7284768,-123.0619736,18,1801,180102,18010211,CNRFC
11526400,40.76653148,-123.1144757,18,1801,180102,18010211,CNRFC
11527000,40.7887498,-123.4400401,18,1801,180102,18010211,CNRFC
11528700,40.6498627,-123.4942046,18,1801,180102,18010212,CNRFC
11530000,41.049852,-123.673668,18,1801,180102,18010211,CNRFC
11530500,41.5109543,-123.9795164,18,1801,180102,18010209,CNRFC
12090500,47.14593158,-122.5104019,17,1711,171100,17110019,NWRFC
12091500,47.1975982,-122.5287364,17,1711,171100,17110019,NWRFC
12118400,47.36232337,-122.0109484,17,1711,171100,17110012,NWRFC
12118500,47.37982339,-122.0173378,17,1711,171100,17110012,NWRFC
12119000,47.4825999,-122.2034547,17,1711,171100,17110012,NWRFC
12143900,47.44871459,-121.7317744,17,1711,171100,17110010,NWRFC
12158010,48.0992634,-122.2909776,17,1711,171100,17110019,NWRFC
12194000,48.52428059,-121.770974,17,1711,171100,17110007,NWRFC
12200500,48.4448278,-122.3354369,17,1711,171100,17110007,NWRFC
12201950,48.6737223,-122.2673823,17,1711,171100,17110002,NWRFC
12301300,48.89359167,-115.0878528,17,1701,170101,17010101,NWRFC
12302055,48.35560278,-115.31465,17,1701,170101,17010102,NWRFC
12304500,48.5617222,-115.9701583,17,1701,170101,17010103,NWRFC
12305000,48.6175,-116.0463889,17,1701,170101,17010104,NWRFC
12306500,48.99916667,-116.1797222,17,1701,170101,17010105,NWRFC
12308000,48.70055556,-116.1966667,17,1701,170101,17010104,NWRFC
12310100,48.70527778,-116.3697222,17,1701,170101,17010104,NWRFC
12321500,48.9972222,-116.5691667,17,1701,170101,17010104,NWRFC
12322000,48.99638889,-116.5075,17,1701,170101,17010104,NWRFC
12323240,45.9946694,-112.5357139,17,1701,170102,17010201,NWRFC
12323250,45.99692778,-112.5628972,17,1701,170102,17010201,NWRFC
12323600,46.1077583,-112.8052833,17,1701,170102,17010201,NWRFC
12323670,46.0829722,-112.9171889,17,1701,170102,17010201,NWRFC
12323700,46.11437778,-112.819775,17,1701,170102,17010201,NWRFC
12323710,46.0645111,-112.8935306,17,1701,170102,17010201,NWRFC
12323720,46.10716389,-112.810611,17,1701,170102,17010201,NWRFC
12323750,46.1794972,-112.780561,17,1701,170102,17010201,NWRFC
12323760,46.13366667,-112.9031528,17,1701,170102,17010201,NWRFC
12323770,46.180375,-112.7850778,17,1701,170102,17010201,NWRFC
12323800,46.20824167,-112.76735,17,1701,170102,17010201,NWRFC
12323840,46.161325,-112.8937972,17,1701,170102,17010201,NWRFC
12324200,46.39765,-112.7425389,17,1701,170102,17010201,NWRFC
12324400,46.5109111,-112.789686,17,1701,170102,17010201,NWRFC
12324590,46.5194833,-112.7931722,17,1701,170102,17010201,NWRFC
12324680,46.58998889,-112.9287139,17,1701,170102,17010201,NWRFC
12325500,46.23266667,-113.2998722,17,1701,170102,17010202,NWRFC
12329500,46.4637583,-113.2402778,17,1701,170102,17010202,NWRFC
12330000,46.47165278,-113.2357694,17,1701,170102,17010202,NWRFC
12331500,46.62872778,-113.1506917,17,1701,170102,17010202,NWRFC
12331800,46.71191389,-113.3307806,17,1701,170102,17010201,NWRFC
12332000,46.1845694,-113.5015694,17,1701,170102,17010202,NWRFC
12334510,46.7223361,-113.683061,17,1701,170102,17010202,NWRFC
12334550,46.8259111,-113.8140306,17,1701,170102,17010201,NWRFC
12335100,46.9187944,-113.014986,17,1701,170102,17010203,NWRFC
12335500,46.77777778,-112.767786,17,1701,170102,17010203,NWRFC
12338300,46.9794944,-113.092186,17,1701,170102,17010203,NWRFC
12340000,46.8994111,-113.7563194,17,1701,170102,17010203,NWRFC
12340500,46.87723889,-113.9319417,17,1701,170102,17010204,NWRFC
12342500,45.72482778,-114.2822944,17,1701,170102,17010205,NWRFC
12344000,45.97205,-114.1412333,17,1701,170102,17010205,NWRFC
12350250,46.4432,-114.1237667,17,1701,170102,17010205,NWRFC
12352500,46.83173889,-114.054861,17,1701,170102,17010205,NWRFC
12353000,46.8686333,-114.1277472,17,1701,170102,17010204,NWRFC
12354000,47.2967111,-115.122625,17,1701,170102,17010204,NWRFC
12354500,47.30163889,-115.0868694,17,1701,170102,17010204,NWRFC
12355500,48.4957972,-114.1267639,17,1701,170102,17010206,NWRFC
12358500,48.49551667,-114.0102083,17,1701,170102,17010207,NWRFC
12359800,47.9790972,-113.5606833,17,1701,170102,17010209,NWRFC
12363000,48.3616333,-114.184425,17,1701,170102,17010208,NWRFC
12365700,48.21725,-114.313736,17,1701,170102,17010210,NWRFC
12366080,48.22592778,-114.292661,17,1701,170102,17010210,NWRFC
12370000,48.02423056,-113.9788194,17,1701,170102,17010211,NWRFC
12372000,47.6802861,-114.2467278,17,1701,170102,17010212,NWRFC
12374250,47.82982778,-114.6978333,17,1701,170102,17010212,NWRFC
12375900,47.4914361,-114.0266444,17,1701,170102,17010212,NWRFC
12377150,47.3228222,-113.9793806,17,1701,170102,17010212,NWRFC
12381400,47.19555,-113.850736,17,1701,170102,17010212,NWRFC
12388700,47.36679167,-114.585,17,1701,170102,17010212,NWRFC
12389000,47.4292,-114.8565333,17,1701,170102,17010213,NWRFC
12389500,47.5918583,-115.229536,17,1701,170102,17010213,NWRFC
12390700,47.5860611,-115.3551,17,1701,170102,17010213,NWRFC
12391950,48.08805556,-116.0727778,17,1701,170102,17010213,NWRFC
12392155,48.15166667,-116.1816667,17,1701,170102,17010213,NWRFC
12395000,48.2197222,-116.9141667,17,1701,170102,17010215,NWRFC
12395500,48.1822222,-117.0341667,17,1701,170102,17010216,NWRFC
12396500,48.78102736,-117.4163559,17,1701,170102,17010216,NWRFC
12397100,48.84492215,-117.2877419,17,1701,170102,17010216,NWRFC
12399500,49.00074966,-117.6294206,17,1702,170200,17020001,NWRFC
12401500,48.98128428,-118.7664259,17,1702,170200,17020002,NWRFC
12404500,48.9843487,-118.2163989,17,1702,170200,17020002,NWRFC
12409000,48.5943461,-118.0624887,17,1702,170200,17020003,NWRFC
12411000,47.7061111,-115.9791667,17,1701,170103,17010301,NWRFC
12413000,47.5722,-116.2528,17,1701,170103,17010301,NWRFC
12413125,47.4725,-115.9147222,17,1701,170103,17010302,NWRFC
12413130,47.4749,-115.9227,17,1701,170103,17010302,NWRFC
12413131,47.47518056,-115.9284444,17,1701,170103,17010302,NWRFC
12413210,47.53138889,-116.0925,17,1701,170103,17010302,NWRFC
12413355,47.5483333,-116.2197222,17,1701,170103,17010302,NWRFC
12413370,47.47666667,-116.2216667,17,1701,170103,17010302,NWRFC
12413445,47.5081222,-116.2418,17,1701,170103,17010302,NWRFC
12413470,47.5519444,-116.2363889,17,1701,170103,17010302,NWRFC
12413500,47.5547,-116.3231,17,1701,170103,17010303,NWRFC
12413875,47.05638889,-115.3533333,17,1701,170103,17010304,NWRFC
12414500,47.2744444,-116.1888889,17,1701,170103,17010304,NWRFC
12414900,47.1761111,-116.4933333,17,1701,170103,17010304,NWRFC
12415135,47.3522222,-116.6755556,17,1701,170103,17010304,NWRFC
12419000,47.70305556,-116.9777778,17,1701,170103,17010305,NWRFC
12422500,47.6593354,-117.4491029,17,1701,170103,17010305,NWRFC
12427000,48.0221196,-117.2729919,17,1701,170103,17010308,NWRFC
12431000,47.78461388,-117.4043856,17,1701,170103,17010308,NWRFC
12433200,47.8632201,-117.858294,17,1701,170103,17010307,NWRFC
12434590,48.08432459,-118.6914018,17,1702,170200,17020004,NWRFC
12438900,48.9698886,-119.4056188,17,1702,170200,17020006,NWRFC
12439500,48.9307184,-119.4203419,17,1702,170200,17020006,NWRFC
12442500,48.98460109,-119.6184098,17,1702,170200,17020007,NWRFC
12445000,48.632375,-119.4617229,17,1702,170200,17020006,NWRFC
12447200,48.2812606,-119.7045047,17,1702,170200,17020006,NWRFC
12447383,48.5737538,-120.3850944,17,1702,170200,17020008,NWRFC
12447390,48.8229245,-120.1459245,17,1702,170200,17020008,NWRFC
12448000,48.4770898,-120.1864734,17,1702,170200,17020008,NWRFC
12448500,48.4734787,-120.1773063,17,1702,170200,17020008,NWRFC
12448998,48.3698671,-120.148693,17,1702,170200,17020008,NWRFC
12449500,48.36514507,-120.1161917,17,1702,170200,17020008,NWRFC
12449950,48.0773639,-119.9850723,17,1702,170200,17020008,NWRFC
12451000,48.32958017,-120.6917668,17,1702,170200,17020009,NWRFC
12452500,47.8345808,-120.0131254,17,1702,170200,17020009,NWRFC
12452800,47.81846178,-120.4231438,17,1702,170200,17020010,NWRFC
12452890,47.7367943,-120.3686962,17,1702,170200,17020010,NWRFC
12452990,47.663185,-120.250634,17,1702,170200,17020010,NWRFC
12456500,47.8373461,-120.6623161,17,1702,170200,17020011,NWRFC
12457000,47.7628995,-120.6662039,17,1702,170200,17020011,NWRFC
12458000,47.5409539,-120.7200872,17,1702,170200,17020011,NWRFC
12459000,47.5831777,-120.6195306,17,1702,170200,17020011,NWRFC
12462500,47.49929148,-120.4245223,17,1702,170200,17020011,NWRFC
12465000,47.3604238,-118.8500022,17,1702,170200,17020013,NWRFC
12472800,46.62874369,-119.864764,17,1702,170200,17020016,NWRFC
12484500,46.8626264,-120.480067,17,1703,170300,17030001,NWRFC
12488500,46.97761606,-121.168696,17,1703,170300,17030002,NWRFC
12500450,46.53429376,-120.4672855,17,1703,170300,17030003,NWRFC
12502500,46.53596038,-120.4733968,17,1703,170300,17030003,NWRFC
12505450,46.34346299,-120.186995,17,1703,170300,17030003,NWRFC
13011900,43.83805556,-110.4408333,17,1704,170401,17040101,NWRFC
13013650,43.65405556,-110.7154722,17,1704,170401,17040101,NWRFC
13014500,43.62088889,-110.6230556,17,1704,170401,17040102,NWRFC
13016305,43.60316667,-110.8058333,17,1704,170401,17040103,NWRFC
13016450,43.50076005,-110.8716,17,1704,170401,17040103,NWRFC
13018300,43.45215258,-110.7040913,17,1704,170401,17040103,NWRFC
13018350,43.4583611,-110.7970278,17,1704,170401,17040103,NWRFC
13018750,43.3722222,-110.7386111,17,1704,170401,17040103,NWRFC
13027500,43.0797222,-111.0372222,17,1704,170401,17040105,NWRFC
13032500,43.3508333,-111.2188889,17,1704,170401,17040104,NWRFC
13037500,43.6125,-111.66,17,1704,170401,17040104,NWRFC
13038500,43.73527778,-111.8780556,17,1704,170402,17040201,NWRFC
13039500,44.5944444,-111.3497222,17,1704,170402,17040202,NWRFC
13041010,44.4833333,-111.393611,17,1704,170402,17040202,NWRFC
13042500,44.41666667,-111.3947222,17,1704,170402,17040202,NWRFC
13046000,44.0697222,-111.5105556,17,1704,170402,17040203,NWRFC
13046995,44.06194444,-111.1519444,17,1704,170402,17040203,NWRFC
13047500,44.0686111,-111.2413889,17,1704,170402,17040203,NWRFC
13047600,44.0561111,-111.358611,17,1704,170402,17040203,NWRFC
13049500,44.0183333,-111.5666667,17,1704,170402,17040203,NWRFC
13050500,43.96694444,-111.6725,17,1704,170402,17040203,NWRFC
13052200,43.78194444,-111.2091667,17,1704,170402,17040204,NWRFC
13055000,43.9272222,-111.6138889,17,1704,170402,17040204,NWRFC
13055250,43.8875,-111.7577778,17,1704,170402,17040204,NWRFC
13055340,43.835,-111.7777778,17,1704,170402,17040204,NWRFC
13056500,43.8258333,-111.905,17,1704,170402,17040203,NWRFC
13057000,43.75277778,-111.9791667,17,1704,170402,17040201,NWRFC
13057155,43.6047222,-112.058611,17,1704,170402,17040201,NWRFC
13057940,43.44194444,-111.7283333,17,1704,170402,17040205,NWRFC
13058000,43.5833333,-111.746111,17,1704,170402,17040205,NWRFC
13058510,43.57416667,-111.895,17,1704,170402,17040201,NWRFC
13060000,43.41305556,-112.135,17,1704,170402,17040206,NWRFC
13062500,43.1975,-112.3691667,17,1704,170402,17040206,NWRFC
13063000,42.81527778,-111.5066667,17,1704,170402,17040207,NWRFC
13066000,43.26277778,-112.0477778,17,1704,170402,17040207,NWRFC
13068495,43.1708333,-112.3877778,17,1704,170402,17040207,NWRFC
13068500,43.13055556,-112.4766667,17,1704,170402,17040207,NWRFC
13069500,43.12527778,-112.5188889,17,1704,170402,17040206,NWRFC
13075000,42.63,-112.2255556,17,1704,170402,17040208,NWRFC
13075500,42.87166667,-112.4680556,17,1704,170402,17040208,NWRFC
13075910,42.9447222,-112.5444444,17,1704,170402,17040208,NWRFC
13077000,42.7675,-112.8794444,17,1704,170402,17040209,NWRFC
13078000,42.0636111,-113.4513889,17,1704,170402,17040210,NWRFC
13081500,42.67277778,-113.5002778,17,1704,170402,17040209,NWRFC
13082500,42.1261111,-113.9355556,17,1704,170402,17040211,NWRFC
13083000,42.1658333,-113.983611,17,1704,170402,17040211,NWRFC
13087995,42.52805556,-114.0183333,17,1704,170402,17040212,NWRFC
13092747,42.5625,-114.4947222,17,1704,170402,17040212,NWRFC
13094000,42.6658333,-114.7122222,17,1704,170402,17040212,NWRFC
13105000,41.9447222,-114.688611,17,1704,170402,17040213,NWRFC
13108150,42.69638889,-114.8552778,17,1704,170402,17040213,NWRFC
13112000,44.00277778,-112.221111,17,1704,170402,17040214,NWRFC
13116500,44.25916667,-112.4102778,17,1704,170402,17040215,NWRFC
13118700,44.1386111,-113.2452778,17,1704,170402,17040217,NWRFC
13120000,43.93277778,-114.1138889,17,1704,170402,17040218,NWRFC
13120500,43.9983333,-114.021111,17,1704,170402,17040218,NWRFC
13127000,43.93916667,-113.6483333,17,1704,170402,17040218,NWRFC
13132500,43.58194444,-113.2708333,17,1704,170402,17040218,NWRFC
13132513,43.5136111,-113.0838889,17,1704,170402,17040218,NWRFC
13132520,43.5158333,-113.0819444,17,1704,170402,17040218,NWRFC
13132535,43.57388889,-112.9433333,17,1704,170402,17040218,NWRFC
13132565,43.7233333,-112.875,17,1704,170402,17040218,NWRFC
13135500,43.78629677,-114.4250547,17,1704,170402,17040219,NWRFC
13135500,43.78629677,-114.4250547,17,1704,170402,17040219,NWRFC
13135520,43.7861111,-114.4191667,17,1704,170402,17040219,NWRFC
13135520,43.7861111,-114.4191667,17,1704,170402,17040219,NWRFC
13137000,43.6897222,-114.3847222,17,1704,170402,17040221,NWRFC
13137000,43.6897222,-114.3847222,17,1704,170402,17040221,NWRFC
13137500,43.67777778,-114.361111,17,1704,170402,17040221,NWRFC
13137500,43.67777778,-114.361111,17,1704,170402,17040221,NWRFC
13138000,43.60305556,-114.3302778,17,1704,170402,17040219,NWRFC
13138000,43.60305556,-114.3302778,17,1704,170402,17040219,NWRFC
13139510,43.5172222,-114.3216667,17,1704,170402,17040219,NWRFC
13139510,43.5172222,-114.3216667,17,1704,170402,17040219,NWRFC
13140800,43.32916667,-114.3191667,17,1704,170402,17040219,NWRFC
13140800,43.32916667,-114.3191667,17,1704,170402,17040219,NWRFC
13141500,43.33277778,-114.5419444,17,1704,170402,17040220,NWRFC
13141500,43.33277778,-114.5419444,17,1704,170402,17040220,NWRFC
13142500,43.24805556,-114.3566667,17,1704,170402,17040219,NWRFC
13142500,43.24805556,-114.3566667,17,1704,170402,17040219,NWRFC
13147900,43.49305556,-114.0572222,17,1704,170402,17040221,NWRFC
13147900,43.49305556,-114.0572222,17,1704,170402,17040221,NWRFC
13148500,43.39,-113.9997222,17,1704,170402,17040221,NWRFC
13148500,43.39,-113.9997222,17,1704,170402,17040221,NWRFC
13150430,43.3233611,-114.10835,17,1704,170402,17040221,NWRFC
13150430,43.3233611,-114.10835,17,1704,170402,17040221,NWRFC
13152500,42.88638889,-114.8030556,17,1704,170402,17040219,NWRFC
13152500,42.88638889,-114.8030556,17,1704,170402,17040219,NWRFC
13154500,43.0022222,-115.2025,17,1705,170501,17050101,NWRFC
13154500,43.0022222,-115.2025,17,1705,170501,17050101,NWRFC
13159800,43.2611111,-115.7025,17,1705,170501,17050101,NWRFC
13159800,43.2611111,-115.7025,17,1705,170501,17050101,NWRFC
13161500,41.9332368,-115.6745268,17,1705,170501,17050102,NWRFC
13161500,41.9332368,-115.6745268,17,1705,170501,17050102,NWRFC
13162225,41.8904614,-115.4286816,17,1705,170501,17050102,NWRFC
13168500,42.7711111,-115.7202778,17,1705,170501,17050102,NWRFC
13174500,41.68879428,-115.8448067,17,1705,170501,17050104,NWRFC
13175100,41.8604583,-115.9892597,17,1705,170501,17050104,NWRFC
13181000,42.86638889,-117.6491667,17,1705,170501,17050107,NWRFC
13183000,43.65444444,-117.2558333,17,1705,170501,17050110,NWRFC
13185000,43.66805556,-115.7252778,17,1705,170501,17050112,NWRFC
13186000,43.4958333,-115.3080556,17,1705,170501,17050113,NWRFC
13200000,43.64805556,-115.9897222,17,1705,170501,17050112,NWRFC
13204640,43.6286111,-116.1108333,17,1705,170501,17050114,NWRFC
13206000,43.66055556,-116.2791667,17,1705,170501,17050114,NWRFC
13206305,43.67527778,-116.353611,17,1705,170501,17050114,NWRFC
13213000,43.78166667,-116.9727778,17,1705,170501,17050114,NWRFC
13213100,43.8761111,-116.9825,17,1705,170501,17050115,NWRFC
13235000,44.08527778,-115.6222222,17,1705,170501,17050120,NWRFC
13237920,44.1086111,-115.9822222,17,1705,170501,17050121,NWRFC
13239000,44.9072222,-116.1191667,17,1705,170501,17050123,NWRFC
13240000,44.9136111,-115.9972222,17,1705,170501,17050123,NWRFC
13246000,44.11416667,-116.1072222,17,1705,170501,17050123,NWRFC
13247500,43.9433333,-116.1966667,17,1705,170501,17050122,NWRFC
13249500,43.93055556,-116.4427778,17,1705,170501,17050122,NWRFC
13250000,43.8961111,-116.6277778,17,1705,170501,17050122,NWRFC
13251000,44.0422222,-116.9252778,17,1705,170501,17050122,NWRFC
13258500,44.5794444,-116.6433333,17,1705,170501,17050124,NWRFC
13265500,44.29138889,-116.7822222,17,1705,170501,17050124,NWRFC
13266000,44.27,-116.7722222,17,1705,170501,17050124,NWRFC
13269000,44.24555556,-116.9808333,17,1705,170502,17050201,NWRFC
13295000,44.2225,-114.931111,17,1706,170602,17060201,NWRFC
13296500,44.2683333,-114.7327778,17,1706,170602,17060201,NWRFC
13297330,44.27027778,-114.5166667,17,1706,170602,17060201,NWRFC
13297355,44.2908333,-114.4716667,17,1706,170602,17060201,NWRFC
13302005,44.69166667,-114.0469444,17,1706,170602,17060202,NWRFC
13302500,45.1836111,-113.8952778,17,1706,170602,17060203,NWRFC
13305000,44.94,-113.6391667,17,1706,170602,17060204,NWRFC
13305310,45.13277778,-113.7988889,17,1706,170602,17060204,NWRFC
13306385,45.20555556,-114.1338889,17,1706,170602,17060203,NWRFC
13307000,45.3225,-114.44,17,1706,170602,17060203,NWRFC
13309220,44.72166667,-115.0163889,17,1706,170602,17060205,NWRFC
13310199,45.2936111,-114.5963889,17,1706,170602,17060206,NWRFC
13310700,44.9869444,-115.725,17,1706,170602,17060208,NWRFC
13311000,44.9057222,-115.3295,17,1706,170602,17060208,NWRFC
13313000,44.96166667,-115.5,17,1706,170602,17060208,NWRFC
13316500,45.41305556,-116.3252778,17,1706,170602,17060210,NWRFC
13317000,45.75027778,-116.3238889,17,1706,170602,17060209,NWRFC
13317660,46.00305556,-116.9169444,17,1706,170601,17060103,NWRFC
13331500,45.6198669,-117.7265892,17,1706,170601,17060105,NWRFC
13333000,45.9457019,-117.4510089,17,1706,170601,17060106,NWRFC
13334300,46.0970994,-116.9776495,17,1706,170601,17060103,NWRFC
13334450,46.2736111,-117.2913889,17,1706,170601,17060103,NWRFC
13335050,46.34071536,-117.0559898,17,1706,170601,17060103,NWRFC
13336500,46.08666667,-115.5138889,17,1706,170603,17060302,NWRFC
13337000,46.1508333,-115.5872222,17,1706,170603,17060303,NWRFC
13337500,45.82527778,-115.5272222,17,1706,170603,17060305,NWRFC
13338500,46.08638889,-115.9766667,17,1706,170603,17060305,NWRFC
13339500,NA,NA,NA,NA,NA,NA,NA
13340000,46.4783333,-116.2575,17,1706,170603,17060306,NWRFC
13340600,46.84055556,-115.621111,17,1706,170603,17060307,NWRFC
13341050,46.50027778,-116.3925,17,1706,170603,17060306,NWRFC
13342295,46.32666667,-116.8322222,17,1706,170603,17060306,NWRFC
13342340,46.36916667,-116.7955556,17,1706,170603,17060306,NWRFC
13342450,46.42638889,-116.806111,17,1706,170603,17060306,NWRFC
13342500,46.4483333,-116.8275,17,1706,170603,17060306,NWRFC
13344500,46.5054217,-118.0663393,17,1706,170601,17060107,NWRFC
13345000,46.91527778,-116.951111,17,1706,170601,17060108,NWRFC
14036860,44.35793778,-118.5760531,17,1707,170702,17070201,NWRFC
14038530,44.41848897,-118.9063419,17,1707,170702,17070201,NWRFC
14044000,44.88876388,-119.1413686,17,1707,170702,17070203,NWRFC
14046000,44.8137582,-119.4316565,17,1707,170702,17070202,NWRFC
14046500,44.7937468,-120.006677,17,1707,170702,17070204,NWRFC
14046778,44.7267988,-120.301965,17,1707,170702,17070204,NWRFC
14046890,44.91040697,-120.4408632,17,1707,170702,17070204,NWRFC
14048000,45.5876278,-120.4094919,17,1707,170702,17070204,NWRFC
14105700,45.60734258,-121.1734044,17,1707,170701,17070105,NWRFC
14107000,46.2648437,-121.245075,17,1707,170701,17070106,NWRFC
14111400,45.962345,-121.102295,17,1707,170701,17070106,NWRFC
14113000,45.75651098,-121.2100714,17,1707,170701,17070106,NWRFC
14113200,45.649008,-121.3772951,17,1707,170701,17070105,NWRFC
14315700,43.27641667,-122.4499722,17,1710,171003,17100301,NWRFC
14315700,43.27641667,-122.4499722,17,1710,171003,17100301,NWRFC
14353000,42.14874336,-122.7166989,17,1710,171003,17100308,NWRFC
14353500,42.1526323,-122.7094764,17,1710,171003,17100308,NWRFC
14354200,42.2159641,-122.722255,17,1710,171003,17100308,NWRFC
14357500,42.32401547,-122.8667057,17,1710,171003,17100308,NWRFC
14362000,42.0637361,-123.1114358,17,1710,171003,17100309,NWRFC
14362250,42.15401355,-123.075323,17,1710,171003,17100309,NWRFC
14366000,42.2415113,-123.1400485,17,1710,171003,17100309,NWRFC
14369500,42.3540058,-123.4067276,17,1710,171003,17100309,NWRFC
14372300,42.5784422,-124.0581443,17,1710,171003,17100310,NWRFC
14375100,42.15956105,-123.4789509,17,1710,171003,17100311,NWRFC
14377100,42.23177936,-123.66368,17,1710,171003,17100311,NWRFC
14400000,42.12344278,-124.1873107,17,1710,171003,17100312,NWRFC
385106106571000,38.85165929,-106.9533773,14,1402,140200,14020001,CBRFC
394220106431500,39.705,-106.7258333,14,1401,140100,14010003,CBRFC
402114105350101,40.3538729,-105.5841679,10,1019,101900,10190006,MBRFC
